0.0 100.0
65.84550359576711 100.0
86.65450272011503 100.0
123.72083637289191 100.0
142.2903620115542 100.0
155.08492304171065 100.0
200.56851089632687 100.0
205.9896013883329 100.0
233.68439896525834 88.88888888888889
238.4740928509007 90.0
264.7494092390383 90.0
275.4660760944364 90.9090909090909
351.1739166350114 91.66666666666666
374.84579457751613 84.61538461538461
377.023583468345 84.61538461538461
383.0212273355953 85.71428571428571
386.7148225452478 86.66666666666667
394.2100502709278 81.25
396.9410855338218 82.35294117647058
411.1046242648614 83.33333333333334
415.6466580392642 83.33333333333334
430.1640091028378 78.94736842105263
432.4536429540772 80.0
446.7758319313168 80.95238095238095
450.12663811778293 80.95238095238095
474.569887586704 81.81818181818183
484.3043916107079 82.6086956521739
490.33710116132124 79.16666666666666
493.3194532947031 76.0
513.172360970435 76.0
522.9056170055472 76.0
523.1601342319884 73.07692307692307
552.67641686535 74.07407407407408
561.8953857834241 71.42857142857143
568.2013964758572 72.41379310344827
622.4886836499074 70.0
640.2192595800075 70.96774193548387
647.9594590820552 68.75
679.4164900492876 66.66666666666666
692.9503210675502 64.70588235294117
694.6988343878562 65.71428571428571
708.6224565057054 63.888888888888886
713.7184922238539 64.86486486486487
776.1828674151986 64.86486486486487
781.7108148194187 63.1578947368421
816.118786912277 61.53846153846154
818.5211548505429 61.53846153846154
828.7839515744108 60.0
853.9487952522254 58.536585365853654
861.1266812639834 57.14285714285714
874.2785029975554 57.14285714285714
891.3051371540287 57.14285714285714
892.6682976915924 55.81395348837209
894.2397144182717 54.54545454545454
898.0720654097693 54.54545454545454
929.073520283062 54.54545454545454
946.1445974891687 55.55555555555556
948.0536856663623 55.55555555555556
971.2613061038619 55.55555555555556
974.8007402016899 54.347826086956516
978.9417934342978 54.347826086956516
1012.9717895366618 55.319148936170215
1022.2557816861666 56.25
1024.8375381242 55.10204081632652
1048.3327297982971 54.0
1078.125393771537 54.0
1104.1860211241533 54.0
1133.0133976526115 54.0
1150.3920929701662 54.0
1217.577602782535 54.0
1341.2648299776479 54.0
1343.2661684503419 54.0
1380.0809440324551 54.0
1430.4123691844484 54.0
1444.1506596406539 54.0
1444.4501418995596 54.0
1466.9855509566887 54.0
1609.314306892214 54.0
1610.8922068443294 54.0
1639.084511014734 54.0
1786.2587673658518 54.0
1795.548328147914 54.0
1869.1995057156905 54.0
1871.7642185687598 54.0
1910.3955640223323 54.0
1973.064408798596 54.0
1993.2592908559568 54.0
2148.5229323302565 54.0
2223.705365436719 54.0
2284.7820446647834 54.0
2495.814541066959 54.0
2775.2087995532597 54.0
2902.9100087970396 54.0
3024.8570133192115 54.0
3130.041441423941 54.0
3233.47928997638 54.0
3332.4591665860585 54.0
3355.1807987932334 54.0
4973.347533442644 54.0
5788.890136969658 54.0
