0.0 1.5334714692168676
103.3724345585357 1.3730513939344506
107.16234791685613 1.39607204572564
110.70383708513833 2.113357532892686
127.97254502144196 2.578962499017778
157.3300224483053 2.538286284873085
166.15239576661492 2.6605962056455885
191.64100805679857 2.5837612193694435
214.11899229419072 2.7227176877895096
235.12725448450095 2.7227176877895096
275.71371858983827 2.7227176877895096
302.187978877772 2.7092214887828066
313.77167794665587 2.748220282923405
321.3858802458012 2.748220282923405
336.177965692889 2.748220282923405
346.43101272261424 2.776065239761968
443.06041484797487 2.6794732164589905
454.2900606857248 2.6794732164589905
483.40003327055894 2.6855483003784966
484.87956835089676 2.808545802206475
561.8662094520228 2.796025108148639
567.5842960009882 2.769035021771398
591.3875532810415 2.7700112447706577
601.5164767212842 2.7700112447706577
626.6862364524201 2.7683826683033184
626.9568888133163 2.7686066199153587
628.3875257374715 2.7683826683033184
633.8052616723294 2.7805255625021563
668.5243888492123 2.7805255625021563
675.5801465839008 2.7551284997645995
697.2006882576563 2.7551284997645995
700.0383265104383 2.7551284997645995
712.4116810591781 2.7349080907533927
727.4135632517686 2.7349080907533927
729.1722029608505 2.7349080907533927
733.1565049283433 2.7321712992619336
781.6437375887116 2.7321712992619336
818.4320439792474 2.7533675477046176
821.8711350850673 2.76422343687941
830.7092163790637 2.76422343687941
838.9356226403568 2.761732603255493
864.922747785316 2.761732603255493
892.4154451000385 2.761732603255493
897.1984747256826 2.761732603255493
903.8817115213675 2.761732603255493
913.8884830533423 2.761732603255493
933.6094492297308 2.772594132834216
937.0523717537893 2.7245086195683643
948.7190505488063 2.639701641114861
955.3254184397861 2.639701641114861
970.1811468924235 2.6706993825695737
972.5626215315123 2.6706993825695737
981.0338567727338 2.6648304497824045
995.7586122208155 2.8384516518052596
1019.0137854411181 2.8384516518052596
1044.645745354201 2.8384516518052596
1048.9722665918885 2.8384516518052596
1062.4979730877094 2.8384516518052596
1071.5575915488091 2.8416681067977865
1089.8679019533818 2.8416681067977865
1104.9761268016666 2.8254195005626452
1136.5017484053883 2.8254195005626452
1161.1405756133067 2.8254195005626452
1166.961721838931 2.818691221024975
1180.1616465787124 2.818691221024975
1185.4739877028157 2.8411132994042343
1191.3014255198882 2.8411132994042343
1205.2944482967403 2.8411132994042343
1208.7184164323842 2.8411132994042343
1221.720927222229 2.8411132994042343
1271.6234222972403 2.8491022512173374
1325.2597384598134 2.8491022512173374
1331.8106120258083 2.9014096840567234
1332.4396111583512 2.9014096840567234
1377.695709871497 2.9014096840567234
1386.6599661164398 2.9014096840567234
1409.2340840882123 2.9455835921141813
1438.4284414972287 2.9102815953891326
1466.947345934118 2.9102815953891326
1477.7279534371542 2.916819307579468
1514.3887902398142 3.0426759173000395
1730.4378880813497 3.086252391146445
1741.9452644071598 3.1362402840490833
1751.08993350013 3.1362402840490833
1751.477581155032 3.1362402840490833
1759.5576977956607 3.272500783533379
1818.3717540939533 3.272500783533379
1848.789439967492 3.272500783533379
1900.3233910254085 3.3362941299411895
2084.3836032357403 3.232764899694998
2174.72427885803 3.232764899694998
2203.3751472183476 2.77192364330391
2475.3448105740354 2.77192364330391
2610.4304630233746 2.5220131669007677
2647.2009498842567 2.5220131669007677
3291.890081604082 2.720295433169235
3357.5328023360707 3.374768729006562
3741.012966304136 3.374768729006562
4093.8066115135357 NaN
6056.058098711724 NaN
