0.0 283.9114373230228
103.3724345585357 647.4353459961056
107.16234791685613 1427.0817500445728
110.70383708513833 4279.052992216606
127.97254502144196 11074.798151822895
157.3300224483053 18655.77325956285
166.15239576661492 25820.62587192746
191.64100805679857 33669.58565161742
214.11899229419072 44232.719634081084
235.12725448450095 54795.8536165448
275.71371858983827 65358.98759900851
302.187978877772 76195.15669951984
313.77167794665587 88399.61347511645
321.3858802458012 100604.07025071306
336.177965692889 112808.52702630968
346.43101272261424 122940.6589637827
443.06041484797487 134155.86715407693
454.2900606857248 145371.07534437114
483.40003327055894 157874.84048246083
484.87956835089676 172937.73421579623
561.8662094520228 188145.72091329793
567.5842960009882 201985.41993571434
591.3875532810415 216667.5956083251
601.5164767212842 231349.77128093582
626.6862364524201 246390.97152297854
626.9568888133163 261767.35042941678
628.3875257374715 276808.55067145947
633.8052616723294 291704.657949336
668.5243888492123 306600.7652272138
675.5801465839008 322108.6250216883
697.2006882576563 337616.4848161628
700.0383265104383 353124.3446106373
712.4116810591781 369434.3598278391
727.4135632517686 385744.37504504086
729.1722029608505 402054.39026224264
733.1565049283433 417521.92882925016
781.6437375887116 432989.4673962576
818.4320439792474 447654.85054053785
821.8711350850673 462639.8439760996
830.7092163790637 477624.8374116614
838.9356226403568 492873.6878474338
864.922747785316 508122.5382832061
892.4154451000385 523371.3887189785
897.1984747256826 538620.2391547508
903.8817115213675 553869.0895905232
913.8884830533423 569117.9400262955
933.6094492297308 584093.7553440195
937.0523717537893 599899.9853348602
948.7190505488063 612992.0411229262
955.3254184397861 626084.0969109922
970.1811468924235 638390.9227509247
972.5626215315123 650697.7485908573
981.0338567727338 663331.7840592813
995.7586122208155 679538.3449134955
1019.0137854411181 695744.9057677095
1044.645745354201 711951.4666219236
1048.9722665918885 728158.0274761377
1062.4979730877094 744364.5883303519
1071.5575915488091 760212.1246151342
1089.8679019533818 776059.6608999167
1104.9761268016666 792586.1633512524
1136.5017484053883 809112.6658025882
1161.1405756133067 825639.168253924
1166.961721838931 842925.2695397945
1180.1616465787124 860211.3708256651
1185.4739877028157 878540.9446405366
1191.3014255198882 896870.5184554079
1205.2944482967403 915200.0922702794
1208.7184164323842 933529.6660851508
1221.720927222229 951859.2399000222
1271.6234222972403 969861.6040864021
1325.2597384598134 987863.9682727819
1331.8106120258083 1005035.9177860459
1332.4396111583512 1022207.8672993099
1377.695709871497 1039379.8168125739
1386.6599661164398 1056551.766325838
1409.2340840882123 1073439.804401779
1438.4284414972287 1086384.0685602862
1466.947345934118 1099328.3327187933
1477.7279534371542 1112008.7398770899
1514.3887902398142 1123606.0707825653
1730.4378880813497 1135123.789216691
1741.9452644071598 1145352.9507030204
1751.08993350013 1155582.1121893502
1751.477581155032 1165811.27367568
1759.5576977956607 1175356.327994683
1818.3717540939533 1184901.3823136862
1848.789439967492 1194446.4366326896
1900.3233910254085 1203231.8921171557
2084.3836032357403 1209458.2190063773
2174.72427885803 1215684.5458955986
2203.3751472183476 1218338.3473990276
2475.3448105740354 1220992.1489024567
2610.4304630233746 1222602.4778768863
2647.2009498842567 1224212.8068513158
3291.890081604082 1225211.3833091499
3357.5328023360707 1225530.9936004311
3741.012966304136 1225850.6038917121
4093.8066115135357 1225850.6038917121
6056.058098711724 1225850.6038917121
