0.0 283.9114373230228
103.3724345585357 181.7619543365414
107.16234791685613 259.88213468282225
110.70383708513833 712.992810543009
127.97254502144196 1359.1490319212585
157.3300224483053 1263.4958512899896
166.15239576661492 1194.1421020607595
191.64100805679857 1121.2799685271277
214.11899229419072 1320.3917478079527
235.12725448450095 1320.3917478079527
275.71371858983827 1320.3917478079527
302.187978877772 1204.0187889457075
313.77167794665587 1220.4456775596702
321.3858802458012 1220.4456775596702
336.177965692889 1220.4456775596702
346.43101272261424 1013.2131937473129
443.06041484797487 1019.5643809358436
454.2900606857248 1019.5643809358436
483.40003327055894 1041.980428174159
484.87956835089676 1158.6841333335158
561.8662094520228 1086.284764107287
567.5842960009882 988.5499301726201
591.3875532810415 978.8117115073987
601.5164767212842 978.8117115073987
626.6862364524201 940.0750151276799
626.9568888133163 904.492876849322
628.3875257374715 884.7764848260516
633.8052616723294 876.2416045809747
668.5243888492123 876.2416045809747
675.5801465839008 861.5477663596122
697.2006882576563 861.5477663596122
700.0383265104383 861.5477663596122
712.4116810591781 858.4218535368985
727.4135632517686 858.4218535368985
729.1722029608505 858.4218535368985
733.1565049283433 814.0809772108828
781.6437375887116 814.0809772108828
818.4320439792474 771.8622707515118
821.8711350850673 749.2496717780178
830.7092163790637 749.2496717780178
838.9356226403568 726.1357350367051
864.922747785316 726.1357350367051
892.4154451000385 726.1357350367051
897.1984747256826 726.1357350367051
903.8817115213675 726.1357350367051
913.8884830533423 726.1357350367051
933.6094492297308 713.1340627487174
937.0523717537893 718.4649995835506
948.7190505488063 595.0934449120185
955.3254184397861 595.0934449120185
970.1811468924235 559.4011745423074
972.5626215315123 559.4011745423074
981.0338567727338 549.305889931419
995.7586122208155 675.2733689255983
1019.0137854411181 675.2733689255983
1044.645745354201 675.2733689255983
1048.9722665918885 675.2733689255983
1062.4979730877094 675.2733689255983
1071.5575915488091 660.3140118659359
1089.8679019533818 660.3140118659359
1104.9761268016666 661.0600980534535
1136.5017484053883 661.0600980534535
1161.1405756133067 661.0600980534535
1166.961721838931 664.8500494565644
1180.1616465787124 664.8500494565644
1185.4739877028157 678.8731042545052
1191.3014255198882 678.8731042545052
1205.2944482967403 678.8731042545052
1208.7184164323842 678.8731042545052
1221.720927222229 678.8731042545052
1271.6234222972403 666.7542291251762
1325.2597384598134 666.7542291251762
1331.8106120258083 635.998130120915
1332.4396111583512 635.998130120915
1377.695709871497 635.998130120915
1386.6599661164398 635.998130120915
1409.2340840882123 625.4828917015437
1438.4284414972287 479.417191055831
1466.947345934118 479.417191055831
1477.7279534371542 469.6447095665551
1514.3887902398142 429.5307742768828
1730.4378880813497 426.58216422688054
1741.9452644071598 378.85783282704244
1751.08993350013 378.85783282704244
1751.477581155032 378.85783282704244
1759.5576977956607 353.52053033351126
1818.3717540939533 353.52053033351126
1848.789439967492 353.52053033351126
1900.3233910254085 325.38724016557234
2084.3836032357403 230.60469960091322
2174.72427885803 230.60469960091322
2203.3751472183476 98.2889445715898
2475.3448105740354 98.2889445715898
2610.4304630233746 59.64181386785023
2647.2009498842567 59.64181386785023
3291.890081604082 36.9843132531667
3357.5328023360707 11.837418195616083
3741.012966304136 11.837418195616083
4093.8066115135357 0.0
6056.058098711724 0.0
