0.0 227.09799999999998
103.3724345585357 254.42299999999997
107.16234791685613 364.10600000000005
110.70383708513833 884.3784999999993
127.97254502144196 1933.599199999998
157.3300224483053 2746.9296666666673
166.15239576661492 3832.2393333333425
191.64100805679857 4289.314857142874
214.11899229419072 4944.79075000002
235.12725448450095 6136.431000000031
275.71371858983827 7328.071250000043
302.187978877772 7595.7328888889215
313.77167794665587 7932.490600000021
321.3858802458012 9028.821600000012
336.177965692889 10125.152600000003
346.43101272261424 11035.311199999993
443.06041484797487 10945.050727272714
454.2900606857248 11858.000363636345
483.40003327055894 11799.467833333298
484.87956835089676 11937.348769230712
561.8662094520228 12062.944999999925
567.5842960009882 12953.617285714192
591.3875532810415 12974.779733333231
601.5164767212842 13859.516666666548
626.6862364524201 13841.589249999879
626.9568888133163 13842.598705882225
628.3875257374715 14640.991529411627
633.8052616723294 15433.2798823528
668.5243888492123 16225.568235294051
675.5801465839008 16101.73022222224
697.2006882576563 16879.312666666767
700.0383265104383 17656.89511111129
712.4116810591781 17497.030526315997
727.4135632517686 18266.476210526558
729.1722029608505 19035.921894737123
733.1565049283433 19763.175894737156
781.6437375887116 20490.429894737194
818.4320439792474 21184.895263158323
821.8711350850673 20800.38620000048
830.7092163790637 21475.12190000055
838.9356226403568 21105.478857143455
864.922747785316 21758.46066666734
892.4154451000385 22411.44247619122
897.1984747256826 23064.424285715104
903.8817115213675 23717.406095238985
913.8884830533423 24370.387904762865
933.6094492297308 25013.660000001004
937.0523717537893 24522.51127272835
948.7190505488063 25054.64918181933
955.3254184397861 25586.78709091031
970.1811468924235 26087.875000001302
972.5626215315123 26588.96290909229
981.0338567727338 25924.75269565356
995.7586122208155 25458.21191666798
1019.0137854411181 26071.86916666797
1044.645745354201 26685.52641666796
1048.9722665918885 27299.18366666795
1062.4979730877094 27912.840916667938
1071.5575915488091 28513.93050000127
1089.8679019533818 29115.0200833346
1104.9761268016666 28549.68096000119
1136.5017484053883 29148.94264000117
1161.1405756133067 29748.204320001147
1166.961721838931 29206.88846153956
1180.1616465787124 29809.734307693398
1185.4739877028157 29319.8472592603
1191.3014255198882 29934.024444445477
1205.2944482967403 30548.201629630654
1208.7184164323842 31162.378814815827
1221.720927222229 31776.556000001005
1271.6234222972403 32380.059333334342
1325.2597384598134 32983.562666667676
1331.8106120258083 33561.15214814913
1332.4396111583512 34138.74162963059
1377.695709871497 34716.33111111204
1386.6599661164398 35293.920592593495
1409.2340840882123 35863.099037037915
1438.4284414972287 36295.78540740827
1466.947345934118 36728.47177777863
1477.7279534371542 37153.08762963046
1514.3887902398142 37542.856814815634
1730.4378880813497 37930.60192592674
1741.9452644071598 38277.118740741535
1751.08993350013 38623.63555555633
1751.477581155032 38970.15237037113
1759.5576977956607 39297.413259259956
1818.3717540939533 39624.67414814879
1848.789439967492 39951.93503703762
1900.3233910254085 40253.549629630055
2084.3836032357403 40464.93051851882
2174.72427885803 40676.31140740759
2203.3751472183476 40761.18688888893
2475.3448105740354 40846.062370370266
2610.4304630233746 40897.27888888869
2647.2009498842567 40948.49540740712
3291.890081604082 40980.17185185151
3357.5328023360707 40991.27822222187
3741.012966304136 41002.384592592214
4093.8066115135357 41002.384592592214
6056.058098711724 41002.384592592214
