0.0 0.0031639814814814816
65.84550359576711 0.003948611111111111
86.65450272011503 0.031602962962962965
123.72083637289191 0.14717648148148152
142.2903620115542 0.28951824074074056
155.08492304171065 0.33215379629629616
200.56851089632687 0.3680128703703703
205.9896013883329 0.45901009259259196
233.68439896525834 0.45901009259259196
238.4740928509007 0.6073874999999992
264.7494092390383 0.46504574074074045
275.4660760944364 0.47705351851851807
351.1739166350114 0.5167101851851846
374.84579457751613 0.5167101851851846
377.023583468345 0.5167101851851846
383.0212273355953 0.5727646296296287
386.7148225452478 0.6111237037037028
394.2100502709278 0.6111237037037028
396.9410855338218 0.6128774074074067
411.1046242648614 0.6366976851851845
415.6466580392642 0.5983386111111103
430.1640091028378 0.5983386111111103
432.4536429540772 0.6143315740740735
446.7758319313168 0.6201295370370363
450.12663811778293 0.5291323148148145
474.569887586704 0.6748437037037032
484.3043916107079 0.7042392592592581
490.33710116132124 0.7042392592592581
493.3194532947031 0.7042392592592581
513.172360970435 0.6922314814814805
522.9056170055472 0.6922314814814805
523.1601342319884 0.6922314814814805
552.67641686535 0.7286811111111097
561.8953857834241 0.7286811111111097
568.2013964758572 0.7381059259259243
622.4886836499074 0.7381059259259243
640.2192595800075 0.7451177777777762
647.9594590820552 0.7451177777777762
679.4164900492876 0.7451177777777762
692.9503210675502 0.7451177777777762
694.6988343878562 0.7707061111111094
708.6224565057054 0.7707061111111094
713.7184922238539 0.782510092592591
776.1828674151986 0.782510092592591
781.7108148194187 0.782510092592591
816.118786912277 0.782510092592591
818.5211548505429 0.7398745370370357
828.7839515744108 0.7398745370370357
853.9487952522254 0.7398745370370357
861.1266812639834 0.7398745370370357
874.2785029975554 0.7398745370370357
891.3051371540287 0.7398745370370357
892.6682976915924 0.7398745370370357
894.2397144182717 0.7398745370370357
898.0720654097693 0.7160542592592579
929.073520283062 0.5703428703703703
946.1445974891687 0.6053237962962955
948.0536856663623 0.6053237962962955
971.2613061038619 0.6053237962962955
974.8007402016899 0.6053237962962955
978.9417934342978 0.604539166666666
1012.9717895366618 0.6578387962962957
1022.2557816861666 0.7803356481481468
1024.8375381242 0.7803356481481468
1048.3327297982971 0.7803356481481468
1078.125393771537 0.7803356481481468
1104.1860211241533 0.7803356481481468
1133.0133976526115 0.6647621296296299
1150.3920929701662 0.6647621296296299
1217.577602782535 0.6647621296296299
1341.2648299776479 0.6529581481481483
1343.2661684503419 0.5969037037037036
1380.0809440324551 0.5604540740740734
1430.4123691844484 0.5604540740740734
1444.1506596406539 0.5534422222222215
1444.4501418995596 0.5534422222222215
1466.9855509566887 0.5440174074074066
1609.314306892214 0.5440174074074066
1610.8922068443294 0.5081583333333325
1639.084511014734 0.47876277777777704
1786.2587673658518 0.4531744444444438
1795.548328147914 0.4531744444444438
1869.1995057156905 0.4531744444444438
1871.7642185687598 0.4500104629629622
1910.3955640223323 0.4500104629629622
1973.064408798596 0.4500104629629622
1993.2592908559568 0.4500104629629622
2148.5229323302565 0.4500104629629622
2223.705365436719 0.4223561111111106
2284.7820446647834 0.4223561111111106
2495.814541066959 0.42060240740740695
2775.2087995532597 0.3673027777777774
2902.9100087970396 0.24480592592592587
3024.8570133192115 0.23900796296296292
3130.041441423941 0.23900796296296292
3233.47928997638 0.23900796296296292
3332.4591665860585 0.09063055555555558
3355.1807987932334 0.07463759259259259
4973.347533442644 0.034980925925925936
5788.890136969658 0.0
