0.0 185.14295376360297
103.3724345585357 449.899182320651
107.16234791685613 1008.3563238668296
110.70383708513833 2357.854076984052
127.97254502144196 4992.923474927804
157.3300224483053 7979.574410607815
166.15239576661492 10672.524433298693
191.64100805679857 13710.32828330206
214.11899229419072 17589.95709308862
235.12725448450095 21469.585902875177
275.71371858983827 25349.21471266174
302.187978877772 29348.950114649793
313.77167794665587 33789.80838624885
321.3858802458012 38230.666657847905
336.177965692889 42671.52492944696
346.43101272261424 46321.342589474974
443.06041484797487 50506.94449114859
454.2900606857248 54692.54639282221
483.40003327055894 59348.49137669297
484.87956835089676 64711.727298108905
561.8662094520228 70150.87255227003
567.5842960009882 75148.89493682014
591.3875532810415 80449.29785046483
601.5164767212842 85749.70076410953
626.6862364524201 91182.90926315756
626.9568888133163 96736.74229809719
628.3875257374715 102169.95079714523
633.8052616723294 107527.24996344808
668.5243888492123 112884.54912975093
675.5801465839008 118513.27381384389
697.2006882576563 124141.99849793685
700.0383265104383 129770.7231820298
712.4116810591781 135734.36608189344
727.4135632517686 141698.00898175704
729.1722029608505 147661.65188162064
733.1565049283433 153322.9142523897
781.6437375887116 158984.17662315874
818.4320439792474 164310.5207781571
821.8711350850673 169731.57076841302
830.7092163790637 175152.62075866893
838.9356226403568 180674.1004333469
864.922747785316 186195.58010802488
892.4154451000385 191717.05978270285
897.1984747256826 197238.53945738083
903.8817115213675 202760.0191320588
913.8884830533423 208281.49880673678
933.6094492297308 213682.87188921327
937.0523717537893 219484.36940598098
948.7190505488063 224444.0419629655
955.3254184397861 229403.71451995004
970.1811468924235 234011.8055391983
972.5626215315123 238619.89655844658
981.0338567727338 243360.92444239854
995.7586122208155 249070.57281492127
1019.0137854411181 254780.221187444
1044.645745354201 260489.86955996673
1048.9722665918885 266199.5179324895
1062.4979730877094 271909.1663050123
1071.5575915488091 277486.00909213175
1089.8679019533818 283062.8518792512
1104.9761268016666 288912.072657987
1136.5017484053883 294761.29343672283
1161.1405756133067 300610.51421545865
1166.961721838931 306743.1835752422
1180.1616465787124 312875.8529350257
1185.4739877028157 319327.3991717475
1191.3014255198882 325778.9454084693
1205.2944482967403 332230.4916451911
1208.7184164323842 338682.0378819129
1221.720927222229 345133.5841186347
1271.6234222972403 351452.1934906528
1325.2597384598134 357770.80286267085
1331.8106120258083 363689.2878003977
1332.4396111583512 369607.7727381246
1377.695709871497 375526.25767585146
1386.6599661164398 381444.74261357833
1409.2340840882123 387178.0845975416
1438.4284414972287 391625.8549366783
1466.947345934118 396073.625275815
1477.7279534371542 400420.96593052964
1514.3887902398142 404232.52234359866
1730.4378880813497 407964.46548187424
1741.9452644071598 411226.0655379527
1751.08993350013 414487.66559403116
1751.477581155032 417749.2656501096
1759.5576977956607 420666.0118788756
1818.3717540939533 423582.7581076416
1848.789439967492 426499.5043364076
1900.3233910254085 429132.80198412586
2084.3836032357403 431058.80869429896
2174.72427885803 432984.81540447206
2203.3751472183476 433942.2016260744
2475.3448105740354 434899.5878476767
2610.4304630233746 435538.09719234076
2647.2009498842567 436176.6065370048
3291.890081604082 436543.69036387873
3357.5328023360707 436638.3961991363
3741.012966304136 436733.1020343938
4093.8066115135357 436733.1020343938
6056.058098711724 436733.1020343938
