0.0 0.008740528818926592
103.3724345585357 0.01066071892277736
107.16234791685613 0.017167371797157573
110.70383708513833 0.028520730469869547
127.97254502144196 0.04328622005608942
157.3300224483053 0.055748596399047355
166.15239576661492 0.06213604114126161
191.64100805679857 0.07008426253110195
214.11899229419072 0.07990416468514398
235.12725448450095 0.08776008640837765
275.71371858983827 0.094187658727387
302.187978877772 0.10043026537845563
313.77167794665587 0.10739298787119812
321.3858802458012 0.11336103572212027
336.177965692889 0.11853334385958612
346.43101272261424 0.12103410542098827
443.06041484797487 0.12452768465228109
454.2900606857248 0.12763308841343024
483.40003327055894 0.1318317933802531
484.87956835089676 0.13655538627536126
561.8662094520228 0.14113180156262986
567.5842960009882 0.14429914640360594
591.3875532810415 0.14746421142693394
601.5164767212842 0.15036552103165127
626.6862364524201 0.15338796014141828
626.9568888133163 0.15646847591372157
628.3875257374715 0.15904099527898471
633.8052616723294 0.16120274697438672
668.5243888492123 0.1632154123459679
675.5801465839008 0.16552554370096392
697.2006882576563 0.16768663432337966
700.0383265104383 0.16971265678189446
712.4116810591781 0.17245118800855547
727.4135632517686 0.17502862916305995
729.1722029608505 0.17745878796587844
733.1565049283433 0.17957943089420572
781.6437375887116 0.18158544447505584
818.4320439792474 0.18276048801833872
821.8711350850673 0.18395313600035518
830.7092163790637 0.1850861515832708
838.9356226403568 0.18633632963385074
864.922747785316 0.18752697539630786
892.4154451000385 0.18866224228609255
897.1984747256826 0.18974590613543246
903.8817115213675 0.19078140714702396
913.8884830533423 0.19177188637550277
933.6094492297308 0.1924939291129244
937.0523717537893 0.19360492735524532
948.7190505488063 0.19400238343140014
955.3254184397861 0.19438394126450875
970.1811468924235 0.19444245173724314
972.5626215315123 0.19449871180718006
981.0338567727338 0.19466610176850363
995.7586122208155 0.1952742419187005
1019.0137854411181 0.19586026788161745
1044.645745354201 0.1964253643458588
1048.9722665918885 0.19697063286398644
1062.4979730877094 0.19749709901942003
1071.5575915488091 0.1978560433249122
1089.8679019533818 0.1982030228202213
1104.9761268016666 0.1988502884015704
1136.5017484053883 0.19947667444803727
1161.1405756133067 0.20008317522318775
1166.961721838931 0.20083213831674537
1180.1616465787124 0.20155805639203972
1185.4739877028157 0.20257591757694277
1191.3014255198882 0.20356339484587854
1205.2944482967403 0.204521828665728
1208.7184164323842 0.205452481795147
1221.720927222229 0.20635654483515406
1271.6234222972403 0.2071506004038459
1325.2597384598134 0.20792259887340742
1331.8106120258083 0.20839791314229592
1332.4396111583512 0.20886038107959284
1377.695709871497 0.20931051653856184
1386.6599661164398 0.209748806327558
1409.2340840882123 0.21006219860490583
1438.4284414972287 0.20985771708138623
1466.947345934118 0.2096584123052975
1477.7279534371542 0.20937571899436014
1514.3887902398142 0.20882988942553302
1730.4378880813497 0.2082505388680468
1741.9452644071598 0.20736004578869155
1751.08993350013 0.20649075492551142
1751.477581155032 0.20564191796499437
1759.5576977956607 0.20451908764698426
1818.3717540939533 0.2034220695201928
1848.789439967492 0.20234998362355563
1900.3233910254085 0.20118591550068157
2084.3836032357403 0.1998377692416564
2174.72427885803 0.19851925257074163
2203.3751472183476 0.19696705919569668
2475.3448105740354 0.1954482463233409
2610.4304630233746 0.19374132222077178
2647.2009498842567 0.1920703333624673
3291.890081604082 0.19029926812365236
3357.5328023360707 0.18836872577389485
3741.012966304136 0.1864775822476018
4093.8066115135357 0.18459397030570682
6056.058098711724 0.18274803060264977
