0.0 0.6521151648883905
103.3724345585357 0.7283048576459475
107.16234791685613 0.7162954111585462
110.70383708513833 0.4731807015310072
127.97254502144196 0.3877528271081334
157.3300224483053 0.39396659311422005
166.15239576661492 0.3758556063028557
191.64100805679857 0.38703266869376035
214.11899229419072 0.36728009094908004
235.12725448450095 0.36728009094908004
275.71371858983827 0.36728009094908004
302.187978877772 0.36910972548400905
313.77167794665587 0.36387185052584475
321.3858802458012 0.36387185052584475
336.177965692889 0.36387185052584475
346.43101272261424 0.3602220818433447
443.06041484797487 0.3732076864427598
454.2900606857248 0.3732076864427598
483.40003327055894 0.3723634387283452
484.87956835089676 0.35605614806579655
561.8662094520228 0.3576505794192028
567.5842960009882 0.36113663862592943
591.3875532810415 0.3610093648131723
601.5164767212842 0.3610093648131723
626.6862364524201 0.36122173839965493
626.9568888133163 0.36119251930076357
628.3875257374715 0.36122173839965493
633.8052616723294 0.35964423901937226
668.5243888492123 0.35964423901937226
675.5801465839008 0.362959477238699
697.2006882576563 0.362959477238699
700.0383265104383 0.362959477238699
712.4116810591781 0.36564300035564534
727.4135632517686 0.36564300035564534
729.1722029608505 0.36564300035564534
733.1565049283433 0.36600926167043013
781.6437375887116 0.36600926167043013
818.4320439792474 0.36319161269757233
821.8711350850673 0.3617652562590675
830.7092163790637 0.3617652562590675
838.9356226403568 0.3620915358790397
864.922747785316 0.3620915358790397
892.4154451000385 0.3620915358790397
897.1984747256826 0.3620915358790397
903.8817115213675 0.3620915358790397
913.8884830533423 0.3620915358790397
933.6094492297308 0.3606730563834003
937.0523717537893 0.36703866261154533
948.7190505488063 0.3788306922359818
955.3254184397861 0.3788306922359818
970.1811468924235 0.37443375563964254
972.5626215315123 0.37443375563964254
981.0338567727338 0.37525839592596016
995.7586122208155 0.3523047501492578
1019.0137854411181 0.3523047501492578
1044.645745354201 0.3523047501492578
1048.9722665918885 0.3523047501492578
1062.4979730877094 0.3523047501492578
1071.5575915488091 0.35190598001498424
1089.8679019533818 0.35190598001498424
1104.9761268016666 0.35392974381356934
1136.5017484053883 0.35392974381356934
1161.1405756133067 0.35392974381356934
1166.961721838931 0.35477458209713547
1180.1616465787124 0.35477458209713547
1185.4739877028157 0.3519746995692479
1191.3014255198882 0.3519746995692479
1205.2944482967403 0.3519746995692479
1208.7184164323842 0.3519746995692479
1221.720927222229 0.3519746995692479
1271.6234222972403 0.35098775397503884
1325.2597384598134 0.35098775397503884
1331.8106120258083 0.3446600476640753
1332.4396111583512 0.3446600476640753
1377.695709871497 0.3446600476640753
1386.6599661164398 0.3446600476640753
1409.2340840882123 0.3394912990000239
1438.4284414972287 0.34360936123306324
1466.947345934118 0.34360936123306324
1477.7279534371542 0.3428392007010723
1514.3887902398142 0.32865807176972167
1730.4378880813497 0.32401756993974545
1741.9452644071598 0.31885312011519
1751.08993350013 0.31885312011519
1751.477581155032 0.31885312011519
1759.5576977956607 0.3055767030009025
1818.3717540939533 0.3055767030009025
1848.789439967492 0.3055767030009025
1900.3233910254085 0.29973376478578867
2084.3836032357403 0.3093327325146184
2174.72427885803 0.3093327325146184
2203.3751472183476 0.3607602981473474
2475.3448105740354 0.3607602981473474
2610.4304630233746 0.3965086356899843
2647.2009498842567 0.3965086356899843
3291.890081604082 0.3676071311250803
3357.5328023360707 0.29631660131400234
3741.012966304136 0.29631660131400234
4093.8066115135357 NaN
6056.058098711724 NaN
