0.0 0.30686254144764397
103.3724345585357 0.10445793000367892
107.16234791685613 0.07928129713283642
110.70383708513833 0.05738554390425066
127.97254502144196 0.035932712221474254
157.3300224483053 0.019369626620435378
166.15239576661492 0.013581829735602902
191.64100805679857 0.010825241569454941
214.11899229419072 0.009195685471739046
235.12725448450095 0.007395144656429322
275.71371858983827 0.006185669856145526
302.187978877772 0.004946638735409372
313.77167794665587 0.00430971110918185
321.3858802458012 0.0037838430925606773
336.177965692889 0.003372464357932335
346.43101272261424 0.002865276328436712
443.06041484797487 0.002668460412120823
454.2900606857248 0.0024577022533803254
483.40003327055894 0.002345560059968511
484.87956835089676 0.002145015292043369
561.8662094520228 0.0018595233088808977
567.5842960009882 0.0017063441409260417
591.3875532810415 0.0015061966339377324
601.5164767212842 0.0014104162610696664
626.6862364524201 0.0012725085527747948
626.9568888133163 0.0011497106412268147
628.3875257374715 0.001132331970576685
633.8052616723294 0.0011312499894994383
668.5243888492123 0.0010763918752982346
675.5801465839008 0.0010022713175460924
697.2006882576563 9.558800514914299E-4
700.0383265104383 9.135938948044128E-4
712.4116810591781 9.066855704111026E-4
727.4135632517686 8.678202690816387E-4
729.1722029608505 8.321503645341868E-4
733.1565049283433 8.405537248377816E-4
781.6437375887116 8.101704456571017E-4
818.4320439792474 7.563806972967282E-4
821.8711350850673 6.849184151363647E-4
830.7092163790637 6.634290955570796E-4
838.9356226403568 6.154683390781647E-4
864.922747785316 5.969790755634636E-4
892.4154451000385 5.795683484470239E-4
897.1984747256826 5.6314445548425E-4
903.8817115213675 5.476258043927047E-4
913.8884830533423 5.329395569043698E-4
933.6094492297308 5.339329405919489E-4
937.0523717537893 5.25988045768972E-4
948.7190505488063 4.7915163789546104E-4
955.3254184397861 4.6869674730459575E-4
970.1811468924235 4.606272674259568E-4
972.5626215315123 4.516594911804465E-4
981.0338567727338 4.2128698854091557E-4
995.7586122208155 4.2864885174275413E-4
1019.0137854411181 4.189414650350894E-4
1044.645745354201 4.0966403227592267E-4
1048.9722665918885 4.007886065520126E-4
1062.4979730877094 3.9228961171534866E-4
1071.5575915488091 3.977384935583687E-4
1089.8679019533818 3.898298077434928E-4
1104.9761268016666 3.8547900509125775E-4
1136.5017484053883 3.7776039434855066E-4
1161.1405756133067 3.7034483055857405E-4
1166.961721838931 3.5359442030309196E-4
1180.1616465787124 3.466009244820468E-4
1185.4739877028157 3.449964871587775E-4
1191.3014255198882 3.3810328394154034E-4
1205.2944482967403 3.3148015217735876E-4
1208.7184164323842 3.251115245171173E-4
1221.720927222229 3.189830075253447E-4
1271.6234222972403 3.2655100949147657E-4
1325.2597384598134 3.207380821802783E-4
1331.8106120258083 3.1196227593363113E-4
1332.4396111583512 3.069313256959779E-4
1377.695709871497 3.0206006949315184E-4
1386.6599661164398 2.9734102238451325E-4
1409.2340840882123 3.0398236366439504E-4
1438.4284414972287 2.699087274635076E-4
1466.947345934118 2.668617776497811E-4
1477.7279534371542 2.7742123268084234E-4
1514.3887902398142 2.6672921177259317E-4
1730.4378880813497 2.8678166041700136E-4
1741.9452644071598 2.6630701447773154E-4
1751.08993350013 2.6420454872761584E-4
1751.477581155032 2.621350206366808E-4
1759.5576977956607 2.4134866490495505E-4
1818.3717540939533 2.3968284686864808E-4
1848.789439967492 2.3803986664485639E-4
1900.3233910254085 2.4977556593151924E-4
2084.3836032357403 2.4114846970161498E-4
2174.72427885803 2.4007434283580248E-4
2203.3751472183476 2.0879196050382247E-4
2475.3448105740354 2.083320085979539E-4
2610.4304630233746 1.7416488457473394E-4
2647.2009498842567 1.739098351053378E-4
3291.890081604082 1.6415857592185895E-4
3357.5328023360707 4.520512042333599E-5
3741.012966304136 4.519531766584482E-5
4093.8066115135357 NaN
6056.058098711724 NaN
