0.0 185.14295376360297
103.3724345585357 79.61327479344503
107.16234791685613 293.7009129891305
110.70383708513833 791.0406115710437
127.97254502144196 1285.5716448265305
157.3300224483053 351.5815377362578
166.15239576661492 351.5815377362578
191.64100805679857 344.8538273124888
214.11899229419072 841.8249597831882
235.12725448450095 904.9754109441462
275.71371858983827 1316.5763319191565
302.187978877772 120.10659220149498
313.77167794665587 441.12286961100403
321.3858802458012 441.12286961100403
336.177965692889 1371.496744273933
346.43101272261424 1371.496744273933
443.06041484797487 535.7842416456069
454.2900606857248 535.7842416456069
483.40003327055894 470.34308219714194
484.87956835089676 707.2909375451766
561.8662094520228 75.90933274518719
567.5842960009882 75.90933274518719
591.3875532810415 302.38052909458054
601.5164767212842 937.3520017060285
626.6862364524201 132.80558540333766
626.9568888133163 120.62453589159395
628.3875257374715 120.62453589159395
633.8052616723294 120.62453589159395
668.5243888492123 931.5691233354596
675.5801465839008 271.4255177901134
697.2006882576563 711.951291421975
700.0383265104383 299.2009744702071
712.4116810591781 334.9182157706673
727.4135632517686 539.8004492618657
729.1722029608505 359.64531610604627
733.1565049283433 359.64531610604627
781.6437375887116 359.64531610604627
818.4320439792474 359.64531610604627
821.8711350850673 94.70583525755218
830.7092163790637 550.8137101482466
838.9356226403568 100.42968442207928
864.922747785316 100.42968442207928
892.4154451000385 984.8167461673199
897.1984747256826 594.7494180944968
903.8817115213675 669.601490226809
913.8884830533423 669.601490226809
933.6094492297308 669.601490226809
937.0523717537893 400.12443429119907
948.7190505488063 400.12443429119907
955.3254184397861 888.212327844299
970.1811468924235 888.212327844299
972.5626215315123 888.212327844299
981.0338567727338 132.93686470369045
995.7586122208155 968.6204885707663
1019.0137854411181 588.0877597449364
1044.645745354201 939.9417671714641
1048.9722665918885 939.9417671714641
1062.4979730877094 699.2985478144078
1071.5575915488091 699.2985478144078
1089.8679019533818 524.8835920644747
1104.9761268016666 272.377991616401
1136.5017484053883 370.769667611759
1161.1405756133067 370.769667611759
1166.961721838931 283.44858104772896
1180.1616465787124 996.3934091529511
1185.4739877028157 318.8768769382741
1191.3014255198882 917.4345455631367
1205.2944482967403 1072.4772503860393
1208.7184164323842 1156.257229410527
1221.720927222229 1156.257229410527
1271.6234222972403 1156.257229410527
1325.2597384598134 1156.257229410527
1331.8106120258083 1156.257229410527
1332.4396111583512 1156.257229410527
1377.695709871497 1156.257229410527
1386.6599661164398 1156.257229410527
1409.2340840882123 1156.257229410527
1438.4284414972287 1156.257229410527
1466.947345934118 1156.257229410527
1477.7279534371542 1156.257229410527
1514.3887902398142 1156.257229410527
1730.4378880813497 1156.257229410527
1741.9452644071598 1156.257229410527
1751.08993350013 1156.257229410527
1751.477581155032 1156.257229410527
1759.5576977956607 1156.257229410527
1818.3717540939533 1156.257229410527
1848.789439967492 1156.257229410527
1900.3233910254085 1156.257229410527
2084.3836032357403 1156.257229410527
2174.72427885803 1156.257229410527
2203.3751472183476 1156.257229410527
2475.3448105740354 1156.257229410527
2610.4304630233746 1156.257229410527
2647.2009498842567 1156.257229410527
3291.890081604082 1156.257229410527
3357.5328023360707 1156.257229410527
3741.012966304136 1156.257229410527
4093.8066115135357 1156.257229410527
6056.058098711724 1156.257229410527
