0.0 100.0
1.9278733741403298 100.0
9.58062837303567 100.0
10.875706013693529 100.0
102.03953828374571 71.42857142857143
172.4353213174834 45.45454545454545
210.1613852089118 45.45454545454545
304.0704853760677 35.294117647058826
317.50220317516835 35.294117647058826
323.3717521063038 35.294117647058826
398.0097377466949 35.294117647058826
407.96340863241704 38.88888888888889
446.39400729279663 40.0
448.4674396885017 42.857142857142854
471.0671597187661 37.5
477.7379645965685 40.0
496.0302437848144 37.93103448275862
540.0305007963426 37.93103448275862
554.1562333193633 37.93103448275862
668.7487058199022 34.375
673.5215006145986 33.33333333333333
716.8726610700644 32.35294117647059
733.0427907916963 32.432432432432435
756.1660692335178 30.76923076923077
806.1790420301166 27.906976744186046
808.6499161951714 29.545454545454547
816.6022227797223 29.545454545454547
839.3144471130691 29.545454545454547
857.1222434242243 28.888888888888886
904.5164684275763 26.0
908.720339743679 26.0
920.9200678280031 26.0
921.1907374406163 27.450980392156865
961.8966196154199 26.923076923076923
967.6255783214499 26.923076923076923
1006.7622264311979 25.0
1037.736864516311 24.561403508771928
1054.2447150512842 24.137931034482758
1106.926240930971 23.333333333333332
1129.850218380856 22.58064516129032
1131.3416900016796 22.58064516129032
1142.1604109739706 23.809523809523807
1189.3702982426666 24.615384615384617
1200.7526847839817 24.615384615384617
1217.867458275255 24.615384615384617
1223.803655439769 24.615384615384617
1235.3714260745028 24.615384615384617
1240.6188217651081 24.615384615384617
1245.0471857561643 24.615384615384617
1266.2603490791598 24.615384615384617
1276.2461404776213 24.615384615384617
1280.9876181104228 24.615384615384617
1292.5735504775766 24.615384615384617
1296.2918885997642 24.615384615384617
1305.8286943946746 24.615384615384617
1319.6556066027156 25.757575757575758
1326.6416734172933 25.757575757575758
1389.7592722067984 25.757575757575758
1417.4630594695323 26.865671641791046
1423.9177667343936 26.865671641791046
1427.8172965805973 26.865671641791046
1428.4554432169477 26.865671641791046
1437.5960190264043 27.941176470588236
1462.5601462136683 27.941176470588236
1508.353507354922 27.536231884057973
1518.504370911255 28.57142857142857
1527.1400747662315 28.57142857142857
1583.660900249199 29.577464788732392
1630.3262299687553 29.333333333333332
1672.1488524578288 29.333333333333332
1673.0765357994417 29.333333333333332
1735.4912706445684 28.947368421052634
1781.5440359777674 28.57142857142857
1791.366710694021 28.57142857142857
1912.4048499601356 28.39506172839506
1930.6239894752418 28.39506172839506
1950.5474881816328 28.915662650602407
1959.6519283998907 28.915662650602407
1999.2518256353696 28.235294117647058
2033.0706266566724 27.586206896551722
2037.268418098553 27.27272727272727
2052.6506178519076 27.27272727272727
2107.6892859677446 26.08695652173913
2127.123547086473 26.595744680851062
2178.2268309850456 25.510204081632654
2215.760542494375 25.252525252525253
2228.7167760675775 25.0
2268.142974343252 25.0
2288.306426585695 25.0
2292.9093709371373 25.0
2319.397215166102 24.752475247524753
2333.7857354550342 24.752475247524753
2420.5960766066373 24.03846153846154
2435.833055214501 24.03846153846154
2465.8195949324568 24.761904761904763
2482.099517901553 25.471698113207548
2529.6217509130556 24.770642201834864
2567.1062739845856 24.545454545454547
2569.7884211848623 24.545454545454547
2577.658193137604 24.545454545454547
2597.4532021513296 24.324324324324326
2627.4240592478627 23.684210526315788
2630.7083702505834 23.684210526315788
2632.345528642965 23.47826086956522
2643.2273535115405 23.47826086956522
2660.1045014586325 23.47826086956522
2686.5915400580047 23.47826086956522
2735.566602940299 23.47826086956522
2745.5141871160604 23.931623931623932
2748.3366342365534 23.728813559322035
2765.8187661986044 23.52941176470588
2774.617198393719 23.52941176470588
2794.0867140557602 23.52941176470588
2821.354798850959 23.96694214876033
2825.0190914257637 23.96694214876033
2830.796838829388 23.770491803278688
2833.971993287817 23.770491803278688
2844.2316399371152 23.770491803278688
2848.627117238312 23.770491803278688
2853.3900081211614 24.390243902439025
2861.229331736583 24.390243902439025
2861.4749887814046 24.390243902439025
2873.662829850815 24.390243902439025
2904.9933880055714 24.0
2926.9547669425265 24.6031746031746
2955.5706125795055 24.21875
3032.0172298439807 23.484848484848484
3058.8427435126423 22.794117647058822
3083.147959432272 22.794117647058822
3099.8940656590744 22.794117647058822
3100.99397108362 22.794117647058822
3132.651308478024 22.62773722627737
3143.5600789061637 22.302158273381295
3156.2085464728652 22.302158273381295
3198.26720567952 21.98581560283688
3253.655667380747 21.98581560283688
3255.9248343583317 21.98581560283688
3268.306169750491 22.535211267605636
3307.5997964168205 22.377622377622377
3354.351307461168 22.06896551724138
3358.228186813277 22.06896551724138
3406.1215684493664 22.06896551724138
3420.8832380995373 21.91780821917808
3424.236594987347 22.448979591836736
3427.1211279278323 22.448979591836736
3457.350212692617 22.14765100671141
3476.588929218249 22.14765100671141
3497.5136503373074 22.14765100671141
3498.904124464071 22.14765100671141
3502.4158100811064 22.14765100671141
3508.2317760902915 22.14765100671141
3509.6235989906704 22.666666666666664
3614.2465159138574 22.07792207792208
3618.1786864045384 22.58064516129032
3623.7024471484538 22.435897435897438
3644.159672678083 22.435897435897438
3654.8463721475664 22.435897435897438
3655.8265654092756 22.435897435897438
3663.669752702517 22.435897435897438
3670.245731963121 22.929936305732486
3763.5494336865863 22.36024844720497
3852.07382613458 21.818181818181817
3860.041594740829 21.818181818181817
3889.7299355684318 21.686746987951807
3890.373947482035 22.15568862275449
3891.498659443025 22.15568862275449
3968.499783039396 22.023809523809522
3986.070178197677 22.023809523809522
4001.1213141889516 22.485207100591715
4033.7550126472825 22.485207100591715
4035.7563330223447 22.485207100591715
4132.067147416192 21.714285714285715
4137.511856196366 21.714285714285715
4146.731571837525 21.714285714285715
4157.734599297366 21.714285714285715
4183.203041905984 21.714285714285715
4207.374250071466 22.15909090909091
4217.360533728373 22.15909090909091
4229.980660675318 22.033898305084744
4248.489009156335 22.033898305084744
4253.666669299613 21.910112359550563
4258.970227129015 21.910112359550563
4259.187375833319 21.910112359550563
4285.926635216056 21.787709497206702
4291.04574028469 21.787709497206702
4350.095541698234 21.787709497206702
4350.520783087589 21.787709497206702
4351.679941863733 21.787709497206702
4356.902961943603 22.22222222222222
4368.636660168154 21.978021978021978
4389.630178716677 22.404371584699454
4392.583794006306 22.82608695652174
4411.747337622025 22.82608695652174
4421.432515075896 22.82608695652174
4471.014422634921 22.58064516129032
4504.140296984924 22.872340425531913
4651.750955742084 22.279792746113987
4671.530311790386 22.05128205128205
4672.5390283790575 22.05128205128205
4677.09603409652 22.05128205128205
4680.805002637018 22.05128205128205
4686.486822569818 22.05128205128205
4686.828480694306 22.05128205128205
4707.310895805906 22.448979591836736
4782.226286345724 22.22222222222222
4798.647829425319 22.22222222222222
4819.287450338845 22.110552763819097
4848.755849534076 22.388059701492537
4943.294608297028 22.22222222222222
4961.866366667351 22.115384615384613
4968.2957416557465 22.115384615384613
4975.752708119952 22.115384615384613
4981.012819276981 22.115384615384613
4983.982991768043 22.48803827751196
4985.517450151005 22.48803827751196
4993.079004730745 22.48803827751196
4994.495717328555 22.48803827751196
5032.4319275750595 22.748815165876778
5058.322576191155 22.748815165876778
5062.472862946619 22.748815165876778
5067.277370995876 23.11320754716981
5152.173694154317 23.11320754716981
5261.363030481194 22.685185185185187
5295.959584830325 22.58064516129032
5306.804334887052 22.58064516129032
5310.3057208291475 22.477064220183486
5328.498538188976 22.477064220183486
5334.255766101668 22.477064220183486
5358.1517543630525 22.477064220183486
5364.4558071672 22.477064220183486
5369.179887323261 22.477064220183486
5442.105542345878 22.37442922374429
5456.296559084829 22.272727272727273
5469.579207332927 22.171945701357465
5514.872588946028 22.171945701357465
5539.249322031828 22.171945701357465
5545.608467180437 22.07207207207207
5561.044054188395 22.421524663677133
5593.777019495126 22.321428571428573
5718.4356238272385 21.367521367521366
5729.440242230282 21.27659574468085
5740.539250938139 21.27659574468085
5842.8315621574275 21.09704641350211
5857.809972230599 21.09704641350211
5876.070129746436 21.428571428571427
5890.961139861098 21.338912133891213
5901.76362325846 21.25
5919.070675044735 21.16182572614108
5922.582393183521 21.16182572614108
5929.5118993580745 21.16182572614108
5968.6821596444515 20.901639344262296
5976.037355822921 20.816326530612244
5989.741617327655 20.816326530612244
6017.957840922484 20.816326530612244
6129.209674854783 20.481927710843372
6152.364175258965 20.4
6192.643818702859 20.318725099601593
6198.051372390863 20.238095238095237
6229.211470147013 20.158102766798418
6240.126961991178 20.158102766798418
6269.651385931352 20.158102766798418
6280.007288835317 20.158102766798418
6283.871085447323 20.392156862745097
6324.796388183495 20.233463035019454
6367.49962367101 20.54263565891473
6391.656816396691 20.54263565891473
6408.713410750902 20.306513409961685
6411.373887636416 20.306513409961685
6426.21607641879 20.610687022900763
6442.488911111828 20.454545454545457
6442.841647859826 20.454545454545457
6453.470520762728 20.454545454545457
6477.579483362262 20.754716981132077
6559.629923483038 20.37037037037037
6583.394703929411 20.29520295202952
6596.234142158204 20.22058823529412
6635.572023217042 20.22058823529412
6640.475849322867 20.22058823529412
6674.578833725924 20.22058823529412
6707.459087515381 20.22058823529412
6727.3769291186845 20.22058823529412
6728.18857615821 20.22058823529412
6750.3816338641045 20.22058823529412
6758.2188037393025 20.22058823529412
6760.940520069478 20.22058823529412
6771.909760207833 20.22058823529412
6779.207803923125 20.22058823529412
6783.247031438419 20.22058823529412
6803.342670939393 20.072992700729927
6808.711871250846 20.072992700729927
6825.188200161503 20.0
6841.85800125907 20.28985507246377
6876.5954716145225 20.216606498194945
6894.860444416858 20.14388489208633
6905.164945198922 20.14388489208633
6911.105438938059 20.14388489208633
6924.77296657045 20.14388489208633
6931.76029404448 20.14388489208633
6937.12412936905 20.14388489208633
6973.516533443497 20.43010752688172
6997.317356251192 20.714285714285715
7004.4795610494275 20.714285714285715
7013.08473521411 20.640569395017792
7016.941396029276 20.640569395017792
7049.71072438138 20.49469964664311
7063.470464874301 20.422535211267608
7065.404283979014 20.422535211267608
7089.1890154363155 20.422535211267608
7126.036866186896 20.62937062937063
7154.8675231864345 20.62937062937063
7157.038737892687 20.62937062937063
7185.115792500699 20.48611111111111
7193.690808118133 20.48611111111111
7197.905018671079 20.48611111111111
7221.806180602583 20.48611111111111
7233.581036974081 20.48611111111111
7233.999181784196 20.761245674740483
7235.416956470299 21.03448275862069
7246.74427970863 20.819112627986346
7312.817914344533 20.60810810810811
7317.636146185228 20.60810810810811
7400.798642886235 20.60810810810811
7430.846600955003 20.60810810810811
7438.717270009077 20.53872053872054
7440.544988537753 20.80536912751678
7466.538494378231 20.80536912751678
7492.662281542185 20.735785953177256
7507.88157522928 20.666666666666668
7508.8729678399395 20.666666666666668
7509.435908092466 20.666666666666668
7543.193069367498 20.666666666666668
7553.270332782915 20.59800664451827
7566.316879084589 20.59800664451827
7592.040955152252 20.59800664451827
7636.623465941785 20.462046204620464
7675.494719417558 20.327868852459016
7738.452941707565 20.26143790849673
7801.543708028998 20.26143790849673
7816.02538959664 20.12987012987013
7827.6829426502645 20.12987012987013
7863.75739621275 20.12987012987013
7869.588052852458 20.12987012987013
7878.882296843116 20.06472491909385
8031.8209497558155 19.745222929936308
8050.094067077538 19.682539682539684
8058.0020800160555 19.936708860759495
8059.77929915365 20.125786163522015
8061.911432637529 20.37617554858934
8064.909997070017 20.37617554858934
8138.837502535905 20.123839009287924
8177.26082431875 20.123839009287924
8193.70027939717 19.938650306748464
8225.912398826627 20.121951219512198
8284.208559062428 20.0
8291.668902044066 20.0
8295.027176559597 20.0
8344.403141206707 20.0
8351.813882065931 19.939577039274926
8353.52807808783 19.939577039274926
8358.035595275529 19.939577039274926
8411.766664215123 19.939577039274926
8426.540826363835 20.180722891566266
8468.678916506131 20.180722891566266
8494.308589907625 20.12012012012012
8521.812174912908 20.12012012012012
8534.010316824513 20.35928143712575
8580.528500636847 20.298507462686565
8586.325549055093 20.474777448071215
8614.024405218624 20.474777448071215
8625.689046958598 20.414201183431953
8674.32186481821 20.588235294117645
8761.11673579519 20.408163265306122
8780.832826296446 20.408163265306122
8785.820116906129 20.408163265306122
8787.772789332228 20.408163265306122
8815.417616936631 20.579710144927535
8868.753118036531 20.461095100864554
8907.218621010485 20.461095100864554
8922.143009107169 20.402298850574713
8926.485973974544 20.402298850574713
8935.507847040293 20.402298850574713
8947.5860277312 20.402298850574713
8948.638124150339 20.630372492836678
8969.104253582054 20.630372492836678
9030.083813149447 20.630372492836678
9031.90814527612 20.630372492836678
9050.018812044604 20.630372492836678
9058.440535391564 20.630372492836678
9076.05248870984 20.630372492836678
9122.05218468262 20.57142857142857
9125.527481909594 20.57142857142857
9133.418070057745 20.57142857142857
9135.475637609072 20.57142857142857
9185.27541700617 20.454545454545457
9243.311774498015 20.33898305084746
9250.806863515603 20.33898305084746
9256.547758620853 20.33898305084746
9257.216354808726 20.33898305084746
9282.127557355747 20.168067226890756
9322.87716077551 20.168067226890756
9352.505534903667 20.055710306406684
9411.69953876565 20.055710306406684
9476.506426294616 20.165745856353592
9505.595249955757 20.110192837465565
9508.850569663708 20.32967032967033
9585.618715964512 20.108695652173914
9593.77694956723 20.108695652173914
9634.510829880946 20.108695652173914
9716.42966953934 20.27027027027027
9735.198431872534 20.27027027027027
9743.066839344658 20.27027027027027
9752.853211134245 20.27027027027027
9792.827857074968 20.27027027027027
9828.016382553711 20.10723860589812
9838.821429478077 20.10723860589812
9849.08648699098 20.10723860589812
9851.656921428632 20.10723860589812
9871.457692042834 20.10723860589812
9904.03802514571 20.266666666666666
9920.78789200078 20.212765957446805
9951.63361606836 20.263157894736842
9981.450185864156 20.209973753280842
9996.644270782546 20.3125
10082.932944903476 20.3125
10094.7852401955 20.3125
10132.512498299755 20.155038759689923
10141.1103612332 20.155038759689923
10142.944459926292 20.155038759689923
10170.839998492978 20.103092783505154
10179.812426216096 20.103092783505154
10183.486672193074 20.308483290488432
10192.22418250787 20.308483290488432
10211.637464673997 20.35623409669211
10221.29867332428 20.304568527918782
10227.957107960725 20.304568527918782
10231.801191300628 20.304568527918782
10255.727139051825 20.40302267002519
10282.771248910482 20.35175879396985
10283.347698750202 20.35175879396985
10292.619102399845 20.35175879396985
10366.920901011395 20.199501246882793
10369.621327012923 20.199501246882793
10403.928671181471 20.149253731343283
10414.18794016962 20.149253731343283
10434.305886278995 20.149253731343283
10441.014517292866 20.099255583126553
10445.08329525366 20.099255583126553
10467.175844812036 20.0
10467.790157893565 20.19704433497537
10533.127616984164 20.14742014742015
10533.536858840436 20.14742014742015
10582.695830388138 20.0
10590.46779028615 20.0
10633.680056383391 19.951338199513383
10670.90634741806 19.806763285024154
10678.268072396708 19.806763285024154
10711.672923934619 19.806763285024154
10712.116939799811 19.806763285024154
10733.457747941346 20.0
10738.740361244905 20.0
10740.134360374992 20.0
10756.888953743124 20.192307692307693
10759.475775737114 20.192307692307693
10766.981371072241 20.192307692307693
10790.489287113563 20.192307692307693
10848.001538529581 20.14388489208633
10848.656427946173 20.14388489208633
10849.78380077598 20.14388489208633
10855.90417266773 20.095693779904305
10905.938901706922 20.286396181384248
10922.507660715366 20.286396181384248
10939.037326972017 20.286396181384248
10942.074159248552 20.476190476190474
10945.505631293476 20.42755344418052
11007.578163711893 20.33096926713948
11010.496155232328 20.33096926713948
11014.842990593346 20.5188679245283
11030.186879534798 20.47058823529412
11034.287216512701 20.47058823529412
11150.580148965095 20.046082949308754
11174.619376715107 20.046082949308754
11184.64440629022 20.046082949308754
11194.749503081974 20.046082949308754
11204.71387145872 20.046082949308754
11273.546341284236 20.091324200913242
11323.5688574305 19.954648526077097
11340.788515069738 19.954648526077097
11350.252802329793 19.90950226244344
11360.224164936917 19.864559819413092
11372.651973229667 19.81981981981982
11404.203965703384 19.775280898876403
11404.859208217615 19.775280898876403
11438.468116373202 19.775280898876403
11442.150154459088 19.775280898876403
11453.633160890357 19.955156950672645
11484.974707770662 19.955156950672645
11499.73943695481 19.955156950672645
11535.151099071494 19.910514541387027
11535.207162663246 19.910514541387027
11536.033959189686 19.910514541387027
11619.235797734571 19.733924611973393
11656.187138597628 19.690265486725664
11666.825005794739 19.690265486725664
11678.026207103832 19.690265486725664
11687.624876071852 19.646799116997794
11709.161438834437 19.646799116997794
11732.502782712665 19.60352422907489
11749.255517532838 19.60352422907489
11753.946737754448 19.78021978021978
11754.729011195535 19.78021978021978
11764.971965779756 19.78021978021978
11781.51076148892 19.78021978021978
11784.552437339444 19.78021978021978
11812.738165353729 19.78021978021978
11843.934072184335 19.693654266958426
11850.858204184373 19.693654266958426
11871.319864981786 19.693654266958426
11880.38976734101 19.65065502183406
11891.04158526753 19.65065502183406
11900.950121305928 19.65065502183406
11913.613045797272 19.65065502183406
11926.76161432672 19.65065502183406
11958.389274849165 19.65065502183406
11983.194446917614 19.65065502183406
11986.153617295362 19.65065502183406
12077.721241860194 19.480519480519483
12082.881507147205 19.480519480519483
12088.495928012995 19.480519480519483
12089.02652140655 19.480519480519483
12120.530389476622 19.480519480519483
12140.613134598529 19.480519480519483
12149.687911093475 19.480519480519483
12174.583471494401 19.480519480519483
12179.613876818188 19.43844492440605
12291.313932702793 19.612068965517242
12292.595234988492 19.56989247311828
12301.813784576725 19.527896995708154
12306.798159072658 19.527896995708154
12314.79519493762 19.527896995708154
12393.61672341895 19.574468085106382
12433.672849043516 19.574468085106382
12436.855881521364 19.745222929936308
12552.99985611516 19.703389830508474
12575.414366168436 19.661733615221987
12585.619482923401 19.62025316455696
12586.045968411447 19.789473684210527
12587.268863086701 19.789473684210527
12626.859470519124 19.789473684210527
12631.26732336909 19.95798319327731
12703.852967140185 20.041753653444676
12710.066355743515 20.041753653444676
12754.89069505361 19.95841995841996
12774.213607882553 19.91701244813278
12783.543669074292 19.875776397515526
12831.621560316074 19.79381443298969
12843.18616252899 19.753086419753085
12875.923765623751 19.71252566735113
12882.04821133335 19.87704918032787
12971.383560454475 19.91869918699187
13061.798394399337 19.7979797979798
13095.791903272348 19.7979797979798
13129.768387684211 19.758064516129032
13214.44197766504 19.67871485943775
13314.62112848214 19.6
13398.055811338607 19.6
13432.699907393366 19.6
13433.826920275635 19.6
13525.789901148564 19.6
13535.678837271713 19.6
13540.575410632717 19.6
13549.195403266789 19.6
13576.657387389467 19.6
13582.940545544485 19.6
13633.063450915783 19.6
13661.478951651472 19.6
13756.143650444661 19.6
13922.379649001443 19.6
14105.516464784581 19.6
14132.284116064142 19.6
14176.655712500633 19.6
14178.146692554925 19.6
14188.528567878415 19.6
14248.39192368815 19.6
14413.941077407835 19.6
14432.963312863556 19.6
14433.37265633931 19.6
14460.317578633129 19.6
14526.535958547716 19.6
14820.879619964466 19.6
14952.475744039906 19.6
15629.202367053771 19.6
15642.638219722223 19.6
15654.683917256229 19.6
15786.141791801832 19.6
15944.223055618078 19.6
16908.56908205027 19.6
16940.669042471112 19.6
18912.584571748535 19.6
