0.0 232.46395643910358
24.6464616476655 593.1042074215695
37.9988282255506 1340.6879702919318
42.25122225525708 3663.1691029570593
158.42275762647557 5985.650235622186
204.00525909090481 8308.131368287311
291.441801990454 10818.851230400174
316.47294687474266 13329.571092513042
318.695587751576 15453.34744273802
344.37539356299635 17577.123792962997
355.9764835098474 19700.900143187973
360.8267050566339 21824.67649341294
368.777287222252 23715.988887198808
395.6670020676949 25767.572828689106
436.70152117013544 27953.472389793827
514.8327243524041 30005.056331284126
519.8304787029282 32056.640272774424
567.695614417794 34230.38187245464
617.4477431801633 36215.884742687136
621.4251792517595 38347.59760031227
629.7743701275095 40479.31045793741
658.2797104506615 42488.86565737264
677.8243310030381 44498.42085680783
701.0618194124104 46507.976056243024
713.5757827612474 48517.531255678216
754.040429997833 50527.08645511341
766.3019324462525 52536.6416545486
787.1318196358484 54385.925306279365
789.2919405889621 56949.48857315839
806.3033505819249 59513.05184003741
846.8847155385689 61948.43881237309
895.5202255177737 64383.82578470875
962.345590749187 66819.21275704443
1036.3446774073955 69360.38534890086
1093.0484743404813 71901.5579407573
1095.026341924156 74442.73053261373
1109.1092351034165 76983.90312447016
1122.9422607869635 79525.0757163266
1158.4469942567996 82066.24830818301
1174.3785035184083 84607.42090003946
1186.1981129445164 87148.59349189591
1198.7293543216822 89689.76608375236
1228.1401867975633 92375.09355139929
1255.5594840284316 95060.42101904622
1383.8725286399322 97745.74848669315
1474.8192751551794 100431.07595434008
1504.254444012369 103367.3477121798
1517.2190866123356 106303.61947001953
1579.123676635918 109239.89122785926
1586.568688765453 112176.16298569899
1616.3181465712487 115112.43474353873
1620.557789529681 118048.70650137846
1628.2807342428373 121093.8267237644
1694.5867629954287 123992.73695875768
1712.9027717498625 126785.86157423022
1732.107500686933 129578.98618970276
1761.7855521717086 132649.5311586382
1763.2235251198317 135720.07612757361
1818.6329460500328 138790.62109650904
1819.260048522684 141861.16606544447
1828.7918563998073 144931.71103437993
1861.3090481300458 148070.00329088495
1879.3100589555306 151208.29554739
1880.6644185091245 154237.73933934883
1937.9213189952256 157123.0282555172
2021.1972909504968 159730.89681822265
2028.284254651633 162338.76538092812
2031.1352602442598 165260.51901853483
2045.7321305193677 168114.52536857195
2055.9591020657804 170254.25210346072
2067.234250134305 172393.97883834946
2079.103352059504 174533.70557323823
2094.2589632564086 176673.43230812697
2107.730947405614 179278.08732377776
2146.6827461705157 181882.7423394285
2172.1634135190143 184610.84550925033
2183.5600108635513 187486.58259692238
2187.5395326600615 190238.8715304234
2229.5024492594675 192991.16046392443
2229.5194939063877 195743.44939742546
2319.048963005582 198495.73833092648
2343.278527484889 201248.0272644275
2352.6330946069334 204094.01554847063
2362.4857690190297 206689.05954232102
2385.7600053806195 209326.81696259396
2440.614640292352 211964.57438286694
2461.300427567585 214602.3318031399
2486.324534786832 217240.08922341286
2495.6020841785476 219877.84664368583
2496.6656687641816 222515.6040639588
2524.530110161281 225153.36148423178
2603.898882176154 227791.11890450475
2615.373235137949 230386.1628983551
2677.413177193876 232981.20689220546
2678.9956209802804 235576.25088605582
2704.4538396251723 238171.29487990617
2707.2993087517298 240868.4090176843
2709.44006441213 243621.66526269386
2714.5109742501973 246374.9215077034
2716.9906613248586 249128.17775271295
2720.989870368856 251881.43399772252
2728.4734034615135 254634.69024273206
2740.001089314622 257387.9464877416
2740.6377984377423 260255.20504975386
2755.6607757810552 263122.4636117661
2773.2392833607537 265989.72217377834
2842.2209156139816 268856.98073579057
2843.6930563505434 271724.23929780285
2844.7627499633672 274591.4978598151
2888.3829991704747 277458.75642182736
2929.875933226754 280326.0149838396
2936.216477047954 283193.2735458518
2972.2646872860914 286060.5321078641
2999.3204621585955 288927.7906698763
3014.96122778632 291701.34988134645
3022.893511502307 294474.9090928166
3040.6467456520695 297248.4683042867
3083.1848132769564 300022.0275157569
3097.0753885044937 302795.586727227
3100.233481163834 305569.14593869715
3141.503084922619 308342.7051501673
3201.8319314105534 310651.3360808754
3204.3403792758354 312959.9670115835
3229.3862502193406 315401.42316512414
3242.1365458711653 317842.8793186648
3259.8162826196185 320284.33547220536
3271.27512646481 322611.7893087433
3290.59193330078 324939.2431452812
3310.111102399489 327266.6969818191
3325.452840660767 329594.15081835724
3330.0335295440004 331819.5345109671
3388.7329496957736 333731.03312867595
3411.815621776421 335642.53174638475
3423.6737918838357 337554.0303640936
3434.5158931823403 339465.5289818024
3458.54776812042 341377.02759951126
3467.6248215865958 343288.52621722006
3471.23688787902 345200.0248349289
3509.090433027449 347111.5234526377
3517.884205294573 349381.9940402384
3563.5531026691315 351652.464627839
3622.878750165501 353922.93521543965
3629.618260079876 356588.5457608966
3634.1706201895695 359254.1563063536
3635.088088673803 362003.0723334649
3638.152445825529 365029.22217504855
3689.0149293356535 368055.3720166322
3693.7486200110025 371081.5218582158
3694.3910585147933 374107.6716997995
3705.034274198192 377133.8215413831
3707.1594171009087 380159.97138296673
3763.1301359140407 383186.1212245504
3779.1116536469876 386243.5918298436
3781.493101587903 389301.06243513676
3786.0317367107887 392358.53304042993
3819.2869136736026 395416.0036457231
3824.274886338486 398473.47425101633
3853.5515449002364 401171.9728864177
3873.1512938849746 403870.47152181907
3903.7602725474994 406568.9701572205
3915.613270674471 408872.32883476553
3946.3628141403597 411119.54540507914
3949.5446286117212 411791.86460559815
3965.827743782874 412464.1838061171
3975.8789368755183 413136.50300663605
3987.2405698931884 415615.2793444602
4001.9941633015 418094.0556822844
4060.678305148771 420572.8320201086
4067.3030901606753 423051.60835793277
4087.4896805737903 425530.38469575695
4109.847881830144 428009.1610335811
4122.1771030590335 430487.9373714053
4192.418172093058 432966.7137092295
4209.784079235718 435573.82490925014
4230.453491774479 438180.9361092708
4242.781656434074 440788.04730929143
4250.520618568448 443247.5245914619
4291.565383245762 445707.00187363225
4335.791947731305 448166.47915580263
4348.788416683391 450625.9564379731
4372.829169228288 453085.43372014345
4403.549206896487 455544.91100231383
4423.030496947665 458004.3882844842
4469.415218338548 460463.8655666546
4508.501801282264 462840.0373671706
4515.876672429489 465216.20916768664
4529.80113108666 467592.38096820266
4591.016860782049 469968.5527687187
4603.3518776542405 472344.72456923465
4613.768345177785 474720.89636975067
4651.586111972981 477097.0681702667
4673.1247630004755 479473.23997078266
4682.3453241449315 481849.4117712987
4697.51911861911 484225.5835718147
4797.6187203442105 486601.7553723307
4825.616145303667 488977.92717284674
4839.963228266507 491354.0989733627
4868.690503986536 493730.2707738787
4874.229263457823 496106.44257439475
4883.009036699382 498482.6143749107
4890.015116438506 500858.78617542674
4903.653896146309 502957.7241614705
4915.298678905424 505056.6621475142
5033.192615666495 507155.6001335579
5034.533066626291 509254.5381196016
5096.326080603233 511353.47610564536
5114.895424467562 513452.41409168905
5133.430437629523 515551.3520777328
5140.696518498176 517650.2900637765
5141.362737954204 519749.22804982023
5148.841415030011 521949.1876544015
5189.791061629887 524149.14725898276
5198.027793569428 526349.1068635641
5206.045128158396 528549.0664681453
5209.78024576159 530749.0260727266
5211.348824393078 533174.7628320192
5211.847374548549 535600.4995913118
5234.166171006898 538026.2363506043
5261.688213184302 540451.973109897
5281.94041539817 542877.7098691895
5291.992573204979 545303.4466284821
5292.997461544309 547729.1833877747
5307.468896950339 550154.9201470673
5312.061041417098 552580.65690636
5327.6023659308785 555006.3936656525
5377.892441218108 557499.9685145281
5379.466169442765 559892.5217448662
5412.758218280319 562285.0749752042
5423.495892408266 564677.6282055422
5443.621417274709 567443.3668615898
5446.235870930569 570209.1055176376
5451.487401821329 572974.8441736852
5479.205734146569 575740.5828297328
5509.431167577476 578133.1360600708
5517.045383976809 580525.6892904089
5548.585678626752 582918.242520747
5576.2829456161935 585310.795751085
5611.437320857737 587916.0925995162
5670.914528319327 590521.3894479474
5725.7593266224885 593126.6862963786
5736.931529940557 595731.9831448098
5741.307055907917 598337.279993241
5744.642645575099 600942.5768416722
5814.613348157867 603547.8736901034
5829.938552358879 606153.1705385346
5836.831232110006 608758.4673869658
5837.765398621224 611363.764235397
5858.63795691185 613969.0610838282
5907.465979328701 616574.3579322593
5921.642266731302 619179.6547806906
5927.654118121365 621784.9516291218
5975.437330336099 624390.2484775529
6025.4443396916 626995.545325984
6031.571849594438 629600.8421744152
6116.042669845991 632206.1390228465
6123.104869099914 634811.4358712776
6155.113619002728 637416.7327197087
6195.86890809936 640022.0295681399
6238.70584375559 642627.3264165712
6305.908937269372 645232.6232650023
6321.326774047279 647837.9201134334
6322.076253739318 650443.2169618646
6352.1595752427575 653048.5138102958
6368.361211879213 655653.810658727
6437.840662326721 658259.1075071581
6455.513531322968 660864.4043555893
6462.052438879653 663438.3804403109
6467.244915491964 666012.3565250325
6546.777709693609 668586.3326097542
6571.713773312214 671160.308694476
6626.737819518834 673772.2934881961
6677.827202184423 676384.2782819162
6739.823577589083 678996.2630756362
6767.523090266083 681608.2478693563
6779.396552217168 684220.2326630765
6788.275869880271 686832.2174567966
6807.44214506772 689444.2022505166
6846.992272952926 692056.1870442368
6847.989633223638 694668.1718379569
6880.928265570101 697280.156631677
6908.248345044193 699892.141425397
6910.8936045773935 702504.1262191171
6968.360201044563 705116.1110128373
7024.591660948487 707728.0958065573
7026.5920123212945 710340.0806002774
7027.911128780465 712952.0653939976
7046.104782119212 715526.0414787196
7064.955671929763 718100.0175634418
7065.229981842157 720545.6587859674
7092.524656981452 722991.300008493
7117.875669081337 725436.9412310186
7123.155699624914 728232.1837067426
7170.918377361901 731027.4261824664
7194.823915489623 733822.6686581904
7210.054770294277 736617.9111339143
7223.713906931365 739413.1536096382
7231.444221583066 740401.9389480567
7233.467745490414 741881.9407433743
7260.63319701045 743550.8685332629
7276.839629548132 745219.7963231516
7277.60702707698 746888.7241130401
7291.626586005732 748344.9082848356
7297.026053616937 749801.0924566311
7328.564992524896 751615.8556149538
7354.090637293487 753430.6187732765
7355.205471647825 755245.3819315991
7368.016499614423 757060.1450899218
7383.273643217597 758874.9082482444
7407.677891563363 760689.6714065671
7411.88389850202 762504.4345648898
7469.494973020266 764319.1977232124
7519.692462889439 766133.9608815351
7546.2479105165785 767948.7240398577
7552.241668688131 769404.9082116531
7561.698624363335 770919.3746203905
7590.483461279321 772244.9150345568
7595.912202174586 773662.8247814635
7611.07101224518 775080.7345283703
7617.8590486971025 776527.2049985908
7621.0317938275475 778522.2132902902
7622.228276492177 780488.6608586758
7631.729022445992 782455.1084270617
7638.1342314744315 784353.7179058644
7663.3203196920085 786252.327384667
7673.8981311732805 788092.6546265279
7710.314414394129 789932.9818683888
7721.74213588477 791773.3091102496
7737.180215902553 793613.6363521104
7749.817374820509 795561.6261168153
7754.619792122988 797858.1405251249
7755.213249221362 800021.8297106021
7763.005185392742 802185.5188960792
7766.916929771596 804123.4309268448
7773.690505811245 806316.1261029288
7807.19285703307 808508.8212790128
7810.2414814278245 810609.1471223563
7814.558938296774 812709.4729656999
7828.044266947831 814989.3869420849
7866.464449020428 817014.5177731516
7911.837206182592 819039.6486042184
7921.094480407791 821064.7794352851
7928.796320887195 823145.677557117
7953.78845845495 825226.5756789488
7973.624245386098 827307.4738007805
7974.948001800722 829388.3719226123
7979.543877901026 831469.2700444441
7989.823437162765 833442.505643432
7991.772297021303 835415.7412424199
8000.5850365987735 837388.976841408
8002.165372368057 838813.6746189168
8024.6827287034575 840238.3723964258
8049.731630481223 841663.0701739347
8062.392541541783 843087.7679514437
8087.938729037607 844819.6560273133
8091.528666474427 846634.2442652135
8097.719608996466 848448.8325031138
8159.485618725284 849914.8960974091
8221.82244908082 851201.3715586629
8258.11188486283 852713.767845581
8285.107183130893 854409.6597531113
8290.43235848565 855922.0560400295
8304.6471596509 857886.4521303676
8369.71818090724 859850.8482207058
8373.685074072786 861815.2443110438
8411.105568424195 863938.2702299614
8412.686280433527 866061.296148879
8423.815446166942 868184.3220677965
8433.021543971703 870307.3479867141
8448.0666903836 872430.3739056317
8453.177161848917 874553.3998245493
8456.74516254407 876676.4257434669
8489.94786431578 878799.4516623844
8508.694336121385 880922.477581302
8564.18392946651 883045.5035002197
8565.886507006864 885168.5294191372
8598.039629095852 887065.6345123904
8598.45046035654 888962.7396056434
8605.111640868729 890859.8446988965
8609.09022786631 892756.9497921497
8666.842337856448 894654.0548854028
8680.558391925031 896551.1599786559
8684.61082284426 898570.8850696539
8708.150290066045 900590.6101606517
8708.307923933206 902610.3352516496
8734.231474413446 904178.0605392277
8737.947069529875 905745.7858268057
8744.396195708765 907442.5991485035
8759.515065648491 908789.811217003
8803.438180971658 910137.0232855025
8814.36157041575 911732.8706814925
8815.703779038184 913328.7180774825
8834.318325886083 914924.5654734725
8852.860006514684 916464.6455786976
8899.381148741466 917922.0255218919
8927.087596930647 919379.4054650862
8952.340785010156 920836.7854082806
8983.329653565477 922294.1653514749
9036.376973087577 923751.5452946692
9072.780367656946 924960.2899103729
9095.507616183755 926169.0345260767
9099.819077393875 927377.7791417806
9103.490228212775 928836.1326759388
9114.184960851544 930294.4862100971
9115.867340541323 931445.6494458946
9116.240176091495 933048.718630324
9132.63370140945 934651.7878147534
9159.17669397729 936806.6721937215
9159.761629141834 938961.5565726897
9169.154871913826 941116.4409516578
9189.59990009781 943271.325330626
9194.324409236879 945426.2097095941
9210.744397873777 947581.0940885623
9239.160630285209 949735.9784675305
9240.41638583484 951890.8628464986
9241.001452373692 954045.7472254668
9256.24352933019 956200.6316044349
9267.886227595947 957803.7007888643
9271.459242749219 959484.5255179347
9273.870215111863 961042.7302492604
9282.168605840285 962600.934980586
9330.830352469693 964159.1397119117
9343.28361025475 965959.6437028912
9345.206840940005 967760.1476938708
9349.8146051094 969560.6516848503
9422.90705461975 971232.0676417102
9443.092857943004 972903.4835985701
9453.09661421735 974574.89955543
9468.842644312403 976246.3155122899
9474.4273267388 978050.2843455771
9494.546844493208 979854.2531788643
9515.009684156197 981658.2220121515
9520.187590154252 983462.1908454387
9527.382897155272 985266.159678726
9545.753712999445 987247.9951620881
9583.851730910375 989229.8306454502
9594.014366172176 991211.6661288124
9595.490001085771 993193.5016121744
9640.44621283933 995175.3370955365
9677.185597407752 997157.1725788986
9692.06798874776 998980.3782336812
9697.256573566614 1000803.5838884639
9697.456839882083 1002626.7895432465
9724.354193680874 1004449.9951980291
9761.43228354909 1006273.2008528118
9773.68158606303 1007644.5005589626
9777.313116908996 1009015.8002651134
9818.408119863754 1010309.3444266231
9826.707908633118 1011602.8885881328
9831.127747516954 1012896.4327496425
9838.986545519689 1014189.9769111522
9848.857235178268 1015483.521072662
9870.36121402311 1016777.0652341717
9873.532628888091 1018160.8594939365
9908.299265510543 1019705.7961459962
9926.352957774163 1021250.7327980557
9926.467576933976 1022795.6694501154
9950.987980488171 1024340.6061021751
9970.424002747492 1025394.3262973356
9971.637924737315 1026448.046492496
9979.602489944451 1027501.7666876566
9999.870442820122 1028555.4868828171
10008.2354580351 1029609.2070779776
10041.66654651566 1030662.9272731382
10095.2976641836 1031795.4362233225
10124.486023922102 1032927.9451735071
10144.225984593357 1034060.4541236914
10177.568757011242 1035192.963073876
10208.757358631272 1036325.4720240603
10210.425435644356 1037836.3671243655
10257.11702082101 1039347.2622246707
10268.170488553522 1040767.9072267208
10282.494838917804 1042301.713486615
10282.625842078834 1043593.2204868553
10287.771360594592 1045092.9340509003
10297.49945721572 1046592.6476149453
10307.008416443177 1048092.3611789903
10324.933520478993 1049414.2080929605
10331.719813135334 1050736.0550069306
10339.016707976945 1052057.9019209007
10348.714601674754 1053379.7488348708
10355.661706869882 1054569.0428724138
10375.299672872183 1055855.4084763643
10381.594101909453 1057352.7121548776
10387.324055682988 1058850.0158333909
10389.558540272155 1060996.2486541863
10390.623053571615 1063142.4814749816
10407.757031270969 1065288.7142957768
10425.864857829445 1067337.8755501641
10434.89060569398 1069137.4278860972
10493.66774500699 1070936.98022203
10504.549977445142 1072657.743802939
10525.061054611415 1074378.507383848
10550.448721059578 1075450.3418224752
10552.642204956048 1076522.1762611023
10590.431285480441 1077594.0106997292
10594.05900252671 1078665.8451383563
10598.993848449865 1079737.6795769834
10600.816899424102 1080809.5140156103
10602.838285670521 1081881.3484542372
10622.102954910812 1083794.5293179294
10636.971617592522 1085979.7663874456
10677.422479704692 1088165.0034569618
10684.19657991216 1090350.240526478
10697.345585325096 1092535.4775959942
10713.909140156717 1094720.7146655105
10732.154080381804 1096744.8093427317
10764.894049140843 1098768.9040199532
10802.439598997744 1100584.7921333697
10812.418216116317 1102400.6802467864
10815.450556315296 1104216.5683602032
10841.79134767937 1106142.086988941
10869.92385915477 1108138.8817721356
10900.954679196668 1110135.6765553304
10902.5331473376 1112132.471338525
10918.884836664087 1114243.4996995905
10929.19537013971 1116354.5280606558
10929.531982999486 1118465.5564217214
10934.963714784062 1120576.5847827867
10937.727824933581 1122309.2269937315
10948.899796067053 1124041.8692046762
10951.066162625755 1126209.9645529196
10961.029384391317 1128378.0599011627
10964.303790036272 1130546.1552494061
10968.260914777262 1132714.2505976493
10972.251504252721 1134882.3459458926
10999.860646500969 1136209.0948690707
11043.386667381541 1137535.8437922488
11050.12047853781 1138427.1395781282
11062.798745018421 1139318.435364008
11075.747009495113 1141812.7032530159
11087.05211274723 1144306.9711420238
11104.851273618659 1146911.3754276263
11121.20578457623 1149406.1491979077
11197.40049618207 1151900.9229681892
11198.338003141003 1154696.3158432906
11228.548864626255 1157491.7087183918
11240.69241425255 1160287.1015934933
11259.625330931329 1163082.4944685947
11270.892714032901 1165877.8873436959
11277.921583509362 1168673.2802187973
11294.728850813659 1171468.6730938987
11307.104517620308 1172661.0938658717
11310.114811901312 1173581.4584320206
11323.386274040187 1174501.8229981696
11340.865991299677 1175422.1875643185
11354.807718419836 1176389.0078940194
11370.85942866939 1177355.8282237202
11403.070778296864 1179323.8629032504
11408.056101416587 1181178.7363249366
11413.613732633456 1182923.4733500283
11450.506213041202 1185307.2601603847
11468.299184757869 1187691.0469707414
11487.435915213195 1190003.557626641
11535.848751249017 1192316.0682825407
11548.417742448635 1194628.5789384404
11569.122650657244 1196941.08959434
11606.142555667246 1198952.9811454199
11626.70095158666 1199963.65834667
11669.444588982882 1200974.33554792
11680.866441014234 1201938.5569856185
11700.558744306505 1202902.7784233168
11760.062134664939 1203866.9998610152
11776.563908920125 1204831.2212987135
11859.810400498918 1205795.442736412
11879.22149619425 1206120.6143888454
11896.035547946058 1206445.7860412786
11961.99791264207 1206770.957693712
12008.25205908398 1207096.1293461455
12020.005432566477 1207210.3629240163
12075.97456389598 1207324.596501887
12114.163350025567 1207438.8300797578
12156.75921489554 1207553.0636576286
12194.707514094802 1207667.2972354994
12326.117245061436 1207667.2972354994
12434.476732142815 1207667.2972354994
12438.618171959104 1207667.2972354994
12606.943433734032 1207667.2972354994
12747.1311753761 1207667.2972354994
12758.385309359546 1207667.2972354994
12879.206788102554 1207667.2972354994
13082.526880753569 1207667.2972354994
13105.646026345303 1207667.2972354994
13105.83424062136 1207667.2972354994
13127.24176485186 1207667.2972354994
13316.959760969765 1207667.2972354994
13456.53220432832 1207667.2972354994
13984.209060559322 1207667.2972354994
13985.228550743597 1207667.2972354994
14092.519529263362 1207667.2972354994
