0.0 354.9440385006884
37.714023291271296 411.0364489662502
43.62560198597075 803.469150121685
101.30128986732178 1185.046855227915
103.63800665653707 1914.7739502739976
126.53445918303186 2461.391364013438
165.84232293212202 2866.7145084241242
218.1379603493298 3623.664990551024
361.9424726827235 4365.733338081126
364.8055340701471 5107.801685611228
365.5557023593709 5135.19775469281
386.0868281335348 5169.555752753474
466.03572574446946 5649.9128687799175
482.20369772533616 6130.269984806361
494.8001386203301 6610.627100832805
496.2644806044154 7090.984216859248
539.6393616014159 7571.3413328856905
579.6031927309812 8038.64850458159
646.7641439247416 8505.95567627749
701.6826462845727 8973.26284797339
715.6347686145461 9440.570019669289
740.4288851808841 9868.438964865112
792.9003286441613 10296.30791006093
794.9674841225135 10724.176855256746
796.814270297652 11152.045800452564
796.8502825764787 11579.91474564838
803.923790403861 12007.783690844197
835.5398378372247 12435.652636040013
863.7264606824293 12863.52158123583
896.8994768910416 13278.925546328193
941.5181168138787 13694.329511420556
967.071788305948 14109.733476512918
984.5794726389504 14442.754617370389
989.146456197647 13716.093238836907
1003.1684546971538 14433.707322040467
1015.4990511152693 15151.321405244025
1042.0647571608843 15832.85587822235
1089.0454254034235 16514.390351200676
1105.700507283151 17195.924824179005
1129.855756706061 16270.361729712035
1149.7736488189057 15515.525757695088
1153.962410848421 16116.553263154141
1163.3075154380642 16717.580768613192
1172.911952647492 17318.60827407225
1174.0977144961162 17919.635779531305
1224.5700045899775 18520.663284990358
1301.7051460106895 19121.69079044941
1386.6307602396805 18208.01975655713
1394.9326995647684 17429.734539264235
1423.493733941796 17952.022161725425
1431.6417864135035 18474.309784186615
1450.4715420720547 18996.5974066478
1462.9157636214175 19518.885029108988
1467.0501127721807 20041.172651570174
1573.4148327400067 20553.996573634708
1577.0169323850748 21066.82049569924
1579.121778310713 21565.40255667385
1654.303410304851 22063.98461764845
1670.2923557241043 21067.53884135393
1695.9078089209065 21542.02537290264
1852.9799640283259 22016.511904451352
1860.549333607101 22488.88928371064
1901.8839706807858 22961.266662969985
1912.2863303408162 23433.644042229327
1920.536677067996 22417.291906937433
1941.9721102017138 22865.542524284872
1954.5301473858917 23313.79314163231
1987.8285502972496 23762.04375897975
1997.825735933447 24210.29437632719
2024.5233013609127 24658.54499367463
2026.2107070260604 25106.79561102207
2049.8173272863196 25555.04622836951
2053.218762590221 26003.296845716948
2056.779217016495 26451.547463064388
2075.768422967357 26899.798080411827
2081.3175423401967 25749.866282333358
2090.456524230209 26182.27554780853
2094.5570748925093 26614.684813283697
2144.2023545753177 27047.094078758862
2171.321627536228 27467.879857147782
2223.971740475445 27888.665635536698
2246.2380282385593 28309.451413925613
2246.379041256505 28730.23719231453
2249.0756093807586 29151.02297070345
2340.3267063618196 29561.282417591257
2344.6822290956607 28309.44562660671
2367.1181610143935 28699.90230326612
2439.336896946389 29086.577904114034
2459.8704734812854 29468.456327813685
2469.32473280027 29850.33475151333
2477.45884962195 28651.07144417743
2501.327527647106 27583.659628904577
2520.275695331096 27941.94392986129
2538.1277635391557 28300.228230818
2538.9854878167625 28646.587370445253
2541.9850386276903 27613.49703970252
2543.9250049484167 26677.10314414608
2594.2116688246642 26995.86820493975
2605.4999069066293 27314.633265733428
2609.5422366116204 27632.284343240604
2657.1010844694865 27949.935420747785
2688.087266362722 28267.586498254957
2708.9743015718695 28585.237575762138
2712.0104591049926 28902.888653269314
2755.703451515019 29220.539730776494
2778.337791948499 29538.190808283667
2782.9205721191274 29855.841885790895
2797.250014133669 30173.492963298213
2802.851014749634 30491.144040805524
2820.1915119715086 30808.79511831284
2930.9578381572655 31126.44619582015
2931.665843927404 31444.097273327465
2939.1375020514183 30392.991211849436
2972.60400004418 30709.01981442913
2983.796125537987 31025.04841700882
2984.436153081915 31341.077019588516
2993.1433058033153 31657.105622168205
2997.8111919715166 31973.1342247479
3013.1541163410247 32286.50452677921
3038.6340715897722 31247.518551171128
3062.1222710371867 31553.803597512186
3110.625657120677 31860.088643853236
3131.7657256694342 32166.373690194294
3161.676910096283 32472.658736535348
3164.739799986001 32778.943782876406
3188.054852145334 33085.228829217456
3220.1155897187937 33391.513875558514
3224.9178537099315 33697.79892189957
3229.4938861277974 34004.08396824063
3241.136535327361 34310.36901458168
3247.207397558351 34616.65406092274
3250.189739610181 34922.93910726379
3258.9185525304483 35229.224153604846
3274.36463388354 35535.509199945904
3286.3546344259157 35841.79424628696
3315.9435518592295 36148.07929262801
3354.0824927657 36454.36433896907
3365.958870622811 36752.71104007939
3366.760721585212 37051.05774118972
3383.246477505999 37349.40444230004
3388.663845966157 37647.75114341036
3391.26022161332 37946.09784452068
3395.956156624636 38244.444545631006
3471.0247512526103 37007.26232421578
3473.775303321399 37299.857884625795
3475.7838602552024 37592.45344503581
3485.641094872224 37885.04900544583
3490.546458066501 38177.644565855844
3560.1870828103733 38470.24012626586
3588.9793918332425 38762.83568667588
3598.347792717646 39055.43124708589
3613.729926671411 39180.868784923114
3628.7179852596055 39306.30632276034
3681.7582463730687 39425.56113325346
3695.3346693056565 38076.324441398334
3713.869502821163 38243.455485437575
3807.5397671623473 38410.58652947681
3854.018878744895 38577.71757351605
3896.8608303139636 38744.84861755529
3908.609178404166 38911.97966159452
3924.2449581532373 39079.110705633764
3925.4962035357303 39246.241749673005
3928.5404865638066 39413.37279371224
3969.8163304053433 39578.43423841391
3971.2725461071377 39743.49568311557
3988.0992331583025 39908.55712781724
3994.27673217101 40073.61857251891
3995.450500316623 40238.68001722058
4001.29438344778 40403.74146192225
4006.5132268197826 40568.80290662391
4023.2812828539313 40733.86435132558
4055.724694747641 39401.780017867204
4068.9300176266106 39578.35732705052
4072.1164990413913 39754.93463623383
4079.632189452016 39880.992060872995
4089.743565457098 40007.04948551214
4111.576185650823 40133.106910151306
4119.30977169228 38880.92793158399
4139.776877681507 39062.07419980778
4140.277603678362 39243.220468031584
4215.510614958793 39334.941651972746
4268.69048729555 39426.6628359139
4271.374504246817 39518.38401985506
4316.913228122827 39610.10520379623
4327.209156572537 39701.82638773739
4369.129926197506 39793.547571678544
4369.747526759242 39885.268755619705
4382.786082824664 39976.98993956087
4411.294523088305 40068.711123502035
4415.673768507165 40160.43230744319
4442.750999739861 40252.15349138435
4446.852549010964 38955.12591925969
4464.9288311138735 39046.103639941386
4491.370930950618 39137.08136062309
4492.250550304085 39228.059081304775
4503.7624647929815 38020.85318652859
4507.120521911278 38121.24926112923
4557.114863442135 37031.07096694042
4593.737753814208 37170.61039085253
4606.790616822349 37310.14981476466
4611.832469077365 37449.68923867679
4627.030503654814 37589.22866258891
4640.955743596684 37728.768086501026
4648.339071820341 37825.92557805004
4650.751541625953 37911.033768365174
4676.141606892205 37996.14195868031
4677.508853137395 38027.426115285474
4679.898568099508 38058.710271890646
4713.3030848504 36953.46851307516
4713.736369243525 37037.56145025626
4722.477978898137 37121.65438743736
4728.9729730490835 36081.56539923602
4749.225348281605 36166.375028835806
4804.551412939509 36236.76072553541
4845.993592189139 36307.14642223501
4852.428441849448 36377.532118934614
4856.842479585266 36447.91781563422
4857.754131362439 36518.30351233382
4905.956386203792 36586.56312571777
4930.832733147979 36654.82273910171
4999.852868301171 36723.08235248565
5003.039058556265 36791.34196586961
5034.414385490183 36859.60157925355
5049.992211288679 35852.72790119907
5080.5700926457885 35925.744735314816
5089.252811612646 35037.52686913162
5099.394220913849 34208.26679874919
5106.808621604664 34352.27136362041
5121.178701296647 34493.28304551947
5125.045823696571 34634.294727418535
5137.201215670753 34767.51934947948
5196.331651818214 34900.74397154042
5217.673609233396 35033.968593601356
5247.244449708406 35167.1932156623
5253.920088232781 34351.86172050005
5272.3407894689735 33601.05877272933
5275.006063449261 32889.94412027097
5316.19367739339 33040.39507736977
5374.9587636108245 33190.84603446858
5437.179653404407 33341.29699156739
5504.997249948002 33491.74794866619
5528.519935388393 33642.198905765
5535.690010353844 33783.077317127114
5563.606004779154 33923.955728489236
5580.5262182204415 34004.43549731374
5589.474906283157 33246.679782081206
5593.361457463664 33339.034954281524
5593.9725727656005 33431.39012648184
5605.48185156434 33523.745298682086
5606.506466547544 33616.10047088228
5614.520760296951 33708.45564308248
5667.972255635017 33800.810815282675
5684.709983681477 33893.16598748288
5686.538929723972 33188.72779930679
5686.573731019779 33310.95219619127
5755.566051165866 33433.17659307575
5760.488414946471 33555.40098996022
5773.844301679654 33677.625386844695
5775.304272083147 33798.72203685989
5802.3674582630365 33121.828063397326
5807.05024267892 32480.503735275266
5887.411887339281 32609.45447839502
5963.394103686679 32738.40522151476
5969.58942659857 32867.35596463452
5977.303881325468 32996.30670775426
5984.521794149594 33125.25745087401
5988.221405642575 33254.20819399375
5990.552000462128 33383.1589371135
6017.971367071104 33512.10968023324
6105.003591873196 33633.012867156234
6178.730483849234 33753.91605407922
6195.483040156723 33870.078740991405
6196.875027311524 33986.24142790358
6204.81949829048 33331.91267964988
6244.276854367145 33449.99850930308
6269.746055826129 33558.89769121059
6308.3165789418645 33667.79687311812
6334.115821986232 33776.69605502564
6334.680696229474 33885.595236933164
6336.3446967489845 33994.49441884069
6362.738385153104 34103.393600748204
6367.559685084525 34212.292782655735
6371.884326557192 33591.522724873386
6380.736675280819 33726.564040760786
6394.559405342193 33861.6053566482
6398.270786092826 33996.64667253561
6432.069744322303 33392.038573351696
6434.498793038248 33526.48801052726
6447.475292295376 33660.93744770282
6459.695554774951 33795.38688487838
6463.7981632676865 33929.83632205394
6508.858201424877 34064.285759229504
6516.925140804165 34170.10490544299
6516.943442465177 34275.92405165647
6529.219513514794 34381.74319786995
6568.455916882257 33758.20414282134
6583.83148966321 33848.714478992275
6594.121861446462 33939.2248151632
6603.383653281725 34029.73515133413
6606.858037827408 34120.24548750507
6611.719565451277 34210.755823676
6628.334646102729 33598.51325553362
6669.6896152629715 33698.99476705116
6674.921886640753 33113.01770762047
6675.875937496934 33214.77523527247
6691.33928593837 33316.53276292446
6716.022436121592 33418.29029057646
6751.284591966034 33520.04781822844
6753.408290920269 33621.805345880435
6831.885723717796 33723.56287353243
6840.813236234377 33825.32040118442
6914.9008013428875 33927.07792883641
6918.5954546831 33998.50737121251
6930.014696157652 34069.936813588596
6937.211227757483 34141.36625596469
6963.644369081161 33534.07054901456
6985.186255171871 32956.473749154095
6985.576234061507 33036.40774437235
7014.145410054516 33116.34173959061
7025.0668424367295 33196.275734808856
7071.660266914765 33276.20973002711
7095.069742596664 33356.14372524536
7188.132769094734 33436.07772046362
7206.325714369758 33516.011715681874
7206.607221727395 33595.94571090012
7208.918409257253 33675.87970611838
7217.437253524581 33755.813701336636
7250.080016849964 33832.55149455281
7263.000474973348 33909.289287768996
7310.076972955989 33986.02708098517
7316.926924027815 34062.764874201355
7337.387995934222 34135.42959124567
7387.946562300018 34208.09430829
7391.934273932682 34280.75902533432
7397.2326980180005 34353.42374237865
7406.046802261223 34426.088459422965
7451.646164099191 34498.75317646729
7484.588984797282 33912.23146516898
7506.423469766836 33989.14731495658
7534.293572966443 34060.74512182053
7535.803134496087 34126.57268161385
7565.367184110898 34192.40024140717
7571.889370895105 34258.2278012005
7572.067376813111 34324.055360993814
7576.791512246369 34384.23438963916
7582.905710333198 34441.03444130918
7588.188000961556 34495.761129611084
7597.6186947847655 33905.01993108344
7617.059945756146 33353.000267352145
7628.734928633244 33418.311958774095
7640.206166807901 32875.2080105596
7643.796903205372 32929.60980879817
7660.368778753527 32984.01160703674
7674.399895124245 33038.41340527531
7685.9846145213505 32530.457851871957
7705.338276222716 32052.922035931868
7724.2441787860525 32146.096006866723
7787.5060757127885 32239.26997780158
7836.972514004239 32332.44394873644
7845.986463546967 32425.617919671295
7865.097395092105 32518.791890606153
7877.754249876492 32611.96586154101
7883.0211006004565 32705.139832475867
7890.106417710376 32798.313803410725
7896.3638968447085 32891.48777434558
7931.3286784491265 32984.66174528044
7934.107887543633 33077.8357162153
7955.0543014518935 33171.00968715015
7960.752998352324 33264.183658085014
7984.795172657345 33357.35762901987
8048.805491608188 33450.531599954724
8054.2203578157805 33543.705570889586
8135.066826717551 33636.87954182444
8146.5745514628525 33714.097714830394
8149.004072989792 33761.12000827433
8169.0511560269115 33229.498648990055
8183.124001527966 32730.196459125502
8200.42197173012 32794.10611076925
8254.738460821442 32858.01576241301
8289.772467890047 32921.925414056765
8290.506694260854 32985.835065700514
8317.683342252887 33049.74471734426
8381.228437439207 33101.48464138464
8462.613297550379 33153.22456542502
8467.756267180974 33204.9644894654
8475.643752841006 33256.704413505766
8511.084304228021 32774.405392828245
8553.639179745533 32819.70472051636
8560.839480055423 32865.00404820449
8565.679644266278 32910.30337589261
8584.226299807702 32955.60270358074
8590.761131829247 33000.90203126886
8626.187862767083 33046.20135895699
8627.536715391116 33087.38717925375
8644.790022924079 32612.4842138467
8645.58928592973 32188.801627692304
8679.118659394282 32291.126851438665
8698.592515543016 32393.45207518503
8715.329504103238 32495.777298931393
8731.82102315499 32598.102522677753
8772.690458075462 32673.86069688189
8775.289511048313 32236.9769876294
8775.323346243227 32318.725987851227
8792.202270183852 32400.47498807306
8824.977461558236 32482.22398829489
8829.04698053914 32563.972988516718
8845.688680895539 32645.721988738544
8862.521719315908 32727.470988960376
8874.730426134607 32302.762381107743
8886.05619329488 32389.420507457613
8903.372722106578 32476.078633807483
8905.967758227222 32562.736760157357
8933.672687690561 32636.213819676057
8946.563412565703 32709.69087919476
8952.190503200185 32783.167938713465
8966.331648545627 32856.644998232165
8967.557505471828 32427.714223343693
8996.001927020374 32504.27029458188
9001.74918710393 32580.82636582006
9004.628794796288 32178.18211266671
9039.902425475282 32253.578243431577
9046.269119787043 32323.812407288166
9067.116046379722 31913.830881315145
9070.49683179504 31520.459861448817
9075.07403078285 31596.409883954762
9092.266566850387 31672.359906460708
9106.080188444166 31748.309928966653
9117.456632500809 31824.2599514726
9129.604413282836 31893.545559076796
9149.022897824712 31962.831166680997
9163.100156445234 32027.564548354185
9163.369036813625 32092.297930027373
9168.902339351653 32157.031311700564
9180.155697243332 32221.764693373752
9201.729684854226 32286.49807504694
9220.250813869434 32351.231456720132
9220.603368406042 32415.96483839332
9233.197749969657 32480.698220066508
9256.757520628535 32545.431601739692
9287.33717695939 32610.16498341288
9300.315182239756 32674.898365086076
9322.685487172512 32739.63174675926
9331.506332039808 32804.36512843245
9334.791888127867 32869.09851010564
9340.047835675468 32458.113247415942
9368.069412540273 32523.491731249524
9376.626782836292 32588.870215083094
9387.117566056833 32654.24869891668
9393.669811006248 32719.627182750253
9406.890657429902 32318.500823437123
9420.904896192058 32384.797709591854
9421.528732319184 32451.094595746585
9427.010770917675 32511.735295152506
9427.590728075356 32569.238918093273
9433.072001826291 32626.74254103404
9531.351056496964 32682.393783313175
9582.383872398685 32738.04502559231
9604.510011469734 32793.69626787145
9621.514794960265 32849.34751015058
9639.965353726111 32904.99875242972
9645.407393509275 32960.64999470885
9665.154652478734 33012.392482398194
9681.251523158258 33064.13497008755
9688.445401577488 33115.8774577769
9691.620633712952 33167.61994546625
9711.041735376823 32765.428544582217
9711.707298701262 32830.38672039488
9727.808814769409 32895.344896207556
9752.329546821727 32960.30307202023
9758.674957482452 32572.044316312073
9762.305143663372 32641.56754771531
9792.646628432372 32269.78146282003
9813.212952482394 32345.140138852366
9826.257154876086 32420.498814884693
9827.918625427827 32495.85749091703
9837.53681619144 32565.82380834205
9841.265172617044 32198.56727292974
9841.59593882613 31842.485756012644
9865.153403424358 31915.71846940127
9901.636795609344 31988.9511827899
9902.545940878854 32062.18389617853
9907.227975779413 32135.41660956716
9923.343428450922 32208.64932295579
9941.89030610217 32281.88203634442
9953.839602583834 32325.43664862837
9973.272866335514 32368.991260912324
10005.635868627198 32412.545873196275
10011.49376095883 32456.10048548023
10029.59667069994 32499.65509776418
10085.534180651935 32117.996351134167
10111.88480658118 32163.964645264205
10124.880153821681 32209.93293939425
10168.499721325004 32255.901233524288
10169.466790718327 32300.5061945449
10214.146291434312 31936.98954429735
10215.998726305765 31992.95998748545
10293.03023728904 32045.27719670207
10294.458725772387 32097.594405918684
10305.58705174878 32149.911615135305
10314.513706190064 32202.22882435192
10318.742205559733 32254.546033568542
10324.836137974435 32306.863242785155
10338.930384894777 32359.180452001776
10366.23507115869 32012.28906794511
10394.346153880775 32080.258971734624
10415.310883246506 32148.22887552413
10432.32860596892 32216.198779313647
10446.835177011082 32283.90248476736
10471.05007679906 32351.60619022108
10487.333940048062 32419.309895674793
10498.049409568022 32487.013601128514
10514.26887264034 32554.717306582228
10533.774536663877 32622.421012035946
10545.59049377546 32281.87299949785
10548.183399494594 32354.267025086792
10557.736585577803 32426.66105067573
10569.106457890739 32486.52271747423
10610.890473188267 32546.384384272726
10701.05074598848 32606.246051071223
10702.323266477908 32666.10771786972
10727.244529876814 32725.969384668217
10736.079400430652 32785.83105146672
10739.166348068864 32844.30986471155
10750.870849673132 32902.78867795637
10801.551625255404 32961.2674912012
10806.913500702445 32608.968461463315
10807.938040222049 32272.51018794938
10822.577471857334 32335.829371582066
10832.678278568652 32399.148555214757
10841.568665744759 32457.05738087045
10879.17401067842 32514.966206526147
10881.932374610635 32572.87503218184
10902.677511118083 32630.783857837538
10905.951248133972 32686.748006137317
10916.030147948284 32742.712154437104
10922.823335799492 32401.50558627345
10952.634640165112 32452.545468838736
10972.759150751077 32503.585351404025
10983.699670192746 32539.0980707266
10996.946118751235 32184.554778701473
11019.95610161149 31861.270481937605
11036.417665485233 31921.135646824936
11062.704077763872 31981.000811712274
11122.641971108718 32034.967039821902
11133.23801542495 31714.168263018728
11192.798396462747 31770.25145138993
11195.277824838498 31826.33463976113
11307.495802350171 31882.417828132333
11339.42487450643 31938.501016503535
11344.989104835908 31994.584204874736
11411.740996402123 32050.667393245894
11426.284761643008 32106.750581617052
11445.349134345706 32140.284722718898
11458.206070967572 32173.818863820743
11491.404249449344 32207.353004922592
11504.906079464938 32240.887146024437
11511.242100251548 32274.421287126286
11513.017198327301 32305.241574666547
11534.710684235031 32336.0618622068
11561.942108796879 32364.529657415416
11615.930225924967 32378.102068453787
11641.202786642923 32388.922622429294
11720.84120745634 32388.922622429294
11767.071176094556 32388.922622429294
11807.84078459399 32388.922622429294
11869.457205236502 32388.922622429294
11924.054899083247 32388.922622429294
11962.161697717835 32388.922622429294
11967.388141644273 32388.922622429294
12034.915533467783 32388.922622429294
12063.44086524081 32388.922622429294
12274.386097595803 32388.922622429294
12426.844025513816 32388.922622429294
12432.623494364208 32388.922622429294
12457.869164193147 32388.922622429294
12550.316188343173 32388.922622429294
12693.410021966 32388.922622429294
12726.028460045934 32388.922622429294
13151.841497510946 32388.922622429294
13231.919362776141 32388.922622429294
13277.359759385858 32388.922622429294
13513.535775651657 32388.922622429294
13806.412903528813 32388.922622429294
13977.844585596878 32388.922622429294
15720.493254626523 32388.922622429294
