0.0 0.041897793660053265
24.6464616476655 0.05524270072074747
37.9988282255506 0.08206806274864112
42.25122225525708 0.18812881618518457
158.42275762647557 0.2517652682471105
204.00525909090481 0.2941895696217277
291.441801990454 0.3292179136354509
316.47294687474266 0.35548917164574345
318.695587751576 0.36846335242897266
344.37539356299635 0.3788426970555561
355.9764835098474 0.38733488811366984
360.8267050566339 0.39441171399543096
368.777287222252 0.397176890229225
395.6670020676949 0.40081912541678455
436.70152117013544 0.4039757292460029
514.8327243524041 0.40673775759656894
519.8304787029282 0.4091748414353037
567.695614417794 0.41271484937234293
617.4477431801633 0.41414133535690567
621.4251792517595 0.4162729023819836
629.7743701275095 0.41820146302372074
658.2797104506615 0.4188307544504388
677.8243310030381 0.4194053248835288
701.0618194124104 0.4199320144471945
713.5757827612474 0.42041656884576706
754.040429997833 0.4208638498290648
766.3019324462525 0.42127799888767375
787.1318196358484 0.42102652380565686
789.2919405889621 0.4259299654016802
806.3033505819249 0.430506510891302
846.8847155385689 0.4339268336357422
895.5202255177737 0.43713338620865483
962.345590749187 0.440145602261997
1036.3446774073955 0.4434905735428459
1093.0484743404813 0.44664440360764623
1095.026341924156 0.4496230208910688
1109.1092351034165 0.45244063183484695
1122.9422607869635 0.45510994746579475
1158.4469942567996 0.45764237511566824
1174.3785035184083 0.46004818138304815
1186.1981129445164 0.4623366312471414
1198.7293543216822 0.46451610730818255
1228.1401867975633 0.4673210245712239
1255.5594840284316 0.469998445595036
1383.8725286399322 0.47255687012890096
1474.8192751551794 0.4750040588134674
1504.254444012369 0.4784798259474659
1517.2190866123356 0.4818107694508811
1579.123676635918 0.4850057560766059
1586.568688765453 0.4880729432373017
1616.3181465712487 0.49101984854855846
1620.557789529681 0.4938534113478438
1628.2807342428373 0.49708216375149417
1694.5867629954287 0.4998773587924273
1712.9027717498625 0.5022556720165645
1732.107500686933 0.5045490454826969
1761.7855521717086 0.5079381440460242
1763.2235251198317 0.5112103771416505
1818.6329460500328 0.514371687081493
1819.260048522684 0.5174276200233406
1828.7918563998073 0.5203833584425048
1861.3090481300458 0.5232437504610508
1879.3100589555306 0.5260133363837698
1880.6644185091245 0.5282805575178114
1937.9213189952256 0.5299972037891428
2021.1972909504968 0.5306460262723675
2028.284254651633 0.531275480920272
2031.1352602442598 0.5329388794328854
2045.7321305193677 0.5345540634958582
2055.9591020657804 0.5339946761070437
2067.234250134305 0.5334510461094634
2079.103352059504 0.5329225169451491
2094.2589632564086 0.5324084680319123
2107.730947405614 0.5332404464709571
2146.6827461705157 0.5340502388182942
2172.1634135190143 0.5348387208407012
2183.5600108635513 0.5360161375812998
2187.5395326600615 0.5371633641490627
2229.5024492594675 0.5382815470062493
2229.5194939063877 0.5393717752920062
2319.048963005582 0.5404350843608308
2343.278527484889 0.5414724590621232
2352.6330946069334 0.5424848367826615
2362.4857690190297 0.5428393297420866
2385.7600053806195 0.5431854816907017
2440.614640292352 0.5435235835940001
2461.300427567585 0.5438539130397515
2486.324534786832 0.5441767349980995
2495.6020841785476 0.5444923025304171
2496.6656687641816 0.5448008574509056
2524.530110161281 0.54510263094457
2603.898882176154 0.545397844144894
2615.373235137949 0.5456867086742432
2677.413177193876 0.5459694271497765
2678.9956209802804 0.5462461936574038
2704.4538396251723 0.5465171941961222
2707.2993087517298 0.5470161500003746
2709.44006441213 0.5475049230331117
2714.5109742501973 0.5479838218631673
2716.9906613248586 0.5484531427166217
2720.989870368856 0.5489131700878296
2728.4734034615135 0.5493641773145038
2740.001089314622 0.549806427119301
2740.6377984377423 0.5504726617348628
2755.6607757810552 0.551126206167271
2773.2392833607537 0.5517674195726526
2842.2209156139816 0.5523966476807374
2843.6930563505434 0.5530142234164502
2844.7627499633672 0.5536204674872877
2888.3829991704747 0.5542156889386552
2929.875933226754 0.5548001856791874
2936.216477047954 0.5553742449779244
2972.2646872860914 0.5559381439350908
2999.3204621585955 0.5564921499280964
3014.96122778632 0.557036521034267
3022.893511502307 0.5575715064317106
3040.6467456520695 0.5580973467796253
3083.1848132769564 0.5586142745792702
3097.0753885044937 0.5591225145167362
3100.233481163834 0.5596222837885778
3141.503084922619 0.560113792411298
3201.8319314105534 0.5597892277267411
3204.3403792758354 0.5594699405167297
3229.3862502193406 0.5591558031004283
3242.1365458711653 0.5588466918827877
3259.8162826196185 0.5585424871924112
3271.27512646481 0.5580526879307878
3290.59193330078 0.5575705417826272
3310.111102399489 0.5570958707685466
3325.452840660767 0.5566285023854523
3330.0335295440004 0.5559953406812268
3388.7329496957736 0.5548295973960353
3411.815621776421 0.5536813840850572
3423.6737918838357 0.5525503082861832
3434.5158931823403 0.551435989165811
3458.54776812042 0.5503380570913268
3467.6248215865958 0.5492561532223094
3471.23688787902 0.5481899291195096
3509.090433027449 0.547139046370707
3517.884205294573 0.5467241053418892
3563.5531026691315 0.5463150500014234
3622.878750165501 0.5459117560037812
3629.618260079876 0.5462246734471831
3634.1706201895695 0.5465332448149821
3635.088088673803 0.546945157842142
3638.152445825529 0.5477922829534091
3689.0149293356535 0.5486278825529582
3693.7486200110025 0.5494521902660271
3694.3910585147933 0.5502654334460345
3705.034274198192 0.5510678333836418
3707.1594171009087 0.551859605507506
3763.1301359140407 0.5526409595771089
3779.1116536469876 0.5534120998680241
3781.493101587903 0.5541732253499664
3786.0317367107887 0.5549245298579482
3819.2869136736026 0.5556662022568531
3824.274886338486 0.5563984265997212
3853.5515449002364 0.5565711919300196
3873.1512938849746 0.5567417841115091
3903.7602725474994 0.5569102438907301
3915.613270674471 0.5564454827529791
3946.3628141403597 0.5559864594070524
3949.5446286117212 0.5532594959200304
3965.827743782874 0.5505657880852892
3975.8789368755183 0.5479047312546055
3987.2405698931884 0.5479531766335181
4001.9941633015 0.548001041828252
4060.678305148771 0.5480483371992392
4067.3030901606753 0.548095072861694
4087.4896805737903 0.5481412586928257
4109.847881830144 0.548186904338798
4122.1771030590335 0.5482320192214452
4192.418172093058 0.5482766125447552
4209.784079235718 0.5483206933011308
4230.453491774479 0.5483642702774334
4242.781656434074 0.5484073520608235
4250.520618568448 0.5482718400537483
4291.565383245762 0.5481378506534942
4335.791947731305 0.5480053583415111
4348.788416683391 0.5478743381663279
4372.829169228288 0.547744765727887
4403.549206896487 0.547616617162396
4423.030496947665 0.5474898691276753
4469.415218338548 0.5473644987889843
4508.501801282264 0.5471561503818306
4515.876672429489 0.5469500422801303
4529.80113108666 0.546746138543154
4591.016860782049 0.546544403994869
4603.3518776542405 0.5463448042037087
4613.768345177785 0.5461473054629816
4651.586111972981 0.5459518747718958
4673.1247630004755 0.5457584798171753
4682.3453241449315 0.5455670889552499
4697.51911861911 0.5453776711949938
4797.6187203442105 0.5451901961809967
4825.616145303667 0.5450046341773466
4839.963228266507 0.5448209560519061
4868.690503986536 0.5446391332610659
4874.229263457823 0.5444591378349579
4883.009036699382 0.544280942363111
4890.015116438506 0.5441045199805361
4903.653896146309 0.5436112067783138
4915.298678905424 0.5431227538046847
5033.192615666495 0.5426390895856991
5034.533066626291 0.5421601440420206
5096.326080603233 0.5416858484550768
5114.895424467562 0.5412161354341906
5133.430437629523 0.5407509388846589
5140.696518498176 0.5402901939767496
5141.362737954204 0.5398338371155823
5148.841415030011 0.5394206791552858
5189.791061629887 0.539011418911596
5198.027793569428 0.5386060014870957
5206.045128158396 0.5382043730104878
5209.78024576159 0.5378064806127323
5211.348824393078 0.5376198157962359
5211.847374548549 0.5374348713927947
5234.166171006898 0.5372516237269996
5261.688213184302 0.5370700495558695
5281.94041539817 0.5368901260590223
5291.992573204979 0.536711830829115
5292.997461544309 0.5365351418625401
5307.468896950339 0.536360037550374
5312.061041417098 0.5361864966695665
5327.6023659308785 0.5360144983743662
5377.892441218108 0.5358828589887654
5379.466169442765 0.5357162461424148
5412.758218280319 0.5355510948122602
5423.495892408266 0.5353873858518012
5443.621417274709 0.5356197427248296
5446.235870930569 0.5358500878500395
5451.487401821329 0.5360784472414114
5479.205734146569 0.5363048464663338
5509.431167577476 0.5361414143996707
5517.045383976809 0.5359793732442132
5548.585678626752 0.5358187053188866
5576.2829456161935 0.5356593932410313
5611.437320857737 0.5356588806195206
5670.914528319327 0.5356583722877297
5725.7593266224885 0.5356578681920371
5736.931529940557 0.5356573682797112
5741.307055907917 0.5356568724988922
5744.642645575099 0.5356563807985736
5814.613348157867 0.5356558931285855
5829.938552358879 0.535655409439577
5836.831232110006 0.5356549296829994
5837.765398621224 0.5356544538110906
5858.63795691185 0.5356539817768583
5907.465979328701 0.5356535135340657
5921.642266731302 0.5356530490372153
5927.654118121365 0.5356525882415353
5975.437330336099 0.5356521311029636
6025.4443396916 0.5356516775781357
6031.571849594438 0.5356512276243693
6116.042669845991 0.5356507811996523
6123.104869099914 0.5356503382626282
6155.113619002728 0.5356498987725848
6195.86890809936 0.5356494626894411
6238.70584375559 0.5356490299737348
6305.908937269372 0.5356486005866107
6321.326774047279 0.5356481744898095
6322.076253739318 0.5356477516456556
6352.1595752427575 0.5356473320170466
6368.361211879213 0.5356469155674423
6437.840662326721 0.5356465022608539
6455.513531322968 0.5356460920618337
6462.052438879653 0.5356456849354654
6467.244915491964 0.5356452808473535
6546.777709693609 0.5356448797636143
6571.713773312214 0.5356444816508659
6626.737819518834 0.5356549325573339
6677.827202184423 0.5356653066189014
6739.823577589083 0.535675604680018
6767.523090266083 0.5356858275728051
6779.396552217168 0.5356959761172811
6788.275869880271 0.5357060511215799
6807.44214506772 0.5357160533821651
6846.992272952926 0.5357259836840412
6847.989633223638 0.5357358428009575
6880.928265570101 0.5357456314956103
6908.248345044193 0.5357553505198384
6910.8936045773935 0.5357650006148166
6968.360201044563 0.5357745825112438
7024.591660948487 0.5357840969295271
7026.5920123212945 0.5357935445799629
7027.911128780465 0.535802926162913
7046.104782119212 0.5358020009474381
7064.955671929763 0.5358010821570707
7065.229981842157 0.535800169725114
7092.524656981452 0.5357992635857913
7117.875669081337 0.5357983636742304
7123.155699624914 0.5360905131833859
7170.918377361901 0.5363806684979395
7194.823915489623 0.5366688499668161
7210.054770294277 0.5369550776630222
7223.713906931365 0.5372393713883079
7231.444221583066 0.5360252683439566
7233.467745490414 0.5351541475764402
7260.63319701045 0.5344101553954816
7276.839629548132 0.5336711231623962
7277.60702707698 0.5329370014424872
7291.626586005732 0.5320836499112721
7297.026053616937 0.5312359310634313
7328.564992524896 0.530671307386384
7354.090637293487 0.530110386159678
7355.205471647825 0.5295531310847806
7368.016499614423 0.528999506336104
7383.273643217597 0.528449476553328
7407.677891563363 0.5279030068338708
7411.88389850202 0.5273600627255068
7469.494973020266 0.5268206102191261
7519.692462889439 0.5262846157416323
7546.2479105165785 0.5257520461489787
7552.241668688131 0.5249541888014199
7561.698624363335 0.5241668633566381
7590.483461279321 0.5232697450164253
7595.912202174586 0.5224245157246491
7611.07101224518 0.5215846023403684
7617.8590486971025 0.5207544169104623
7621.0317938275475 0.5203663814609647
7622.228276492177 0.51997632943895
7631.729022445992 0.5195887001003019
7638.1342314744315 0.5191762972065399
7663.3203196920085 0.5187664400096529
7673.8981311732805 0.5183538070580402
7710.314414394129 0.5179437055969283
7721.74213588477 0.5175361124016334
7737.180215902553 0.5171310045307002
7749.817374820509 0.5167283593215963
7754.619792122988 0.5165779756773341
7755.213249221362 0.5164285006955749
7763.005185392742 0.5162799261655131
7766.916929771596 0.5159976212339605
7773.690505811245 0.5158655528236261
7807.19285703307 0.515734272881413
7810.2414814278245 0.5155601595112549
7814.558938296774 0.5153870794548663
7828.044266947831 0.5152150235408232
7866.464449020428 0.5148976275784153
7911.837206182592 0.5145820986510805
7921.094480407791 0.5142684203332901
7928.796320887195 0.5139858727332725
7953.78845845495 0.5137049726411266
7973.624245386098 0.5134257056890513
7974.948001800722 0.5131480576758286
7979.543877901026 0.5128720145644166
7989.823437162765 0.5125975624795832
7991.772297021303 0.5123246877055821
8000.5850365987735 0.5120533766838677
8002.165372368057 0.511384108516932
8024.6827287034575 0.5107186538438249
8049.731630481223 0.5100569801631787
8062.392541541783 0.5093990553419129
8087.938729037607 0.5089338957431108
8091.528666474427 0.5085018215954897
8097.719608996466 0.5080721748307203
8159.485618725284 0.5074140078069874
8221.82244908082 0.5067595176940017
8258.11188486283 0.5062324730091454
8285.107183130893 0.5058171770607227
8290.43235848565 0.5052956626528831
8304.6471596509 0.505011327643438
8369.71818090724 0.504728559218067
8373.685074072786 0.5044473444653629
8411.105568424195 0.5042484374102135
8412.686280433527 0.5040506172788629
8423.815446166942 0.5038538751863751
8433.021543971703 0.5036582023443901
8448.0666903836 0.5034635900598142
8453.177161848917 0.5032700297335333
8456.74516254407 0.503077512859146
8489.94786431578 0.5028860310217178
8508.694336121385 0.5026955758965548
8564.18392946651 0.5025061392479968
8565.886507006864 0.5023177129282311
8598.039629095852 0.5020120869386968
8598.45046035654 0.5017080823071972
8605.111640868729 0.5014056861658114
8609.09022786631 0.5011048857824276
8666.842337856448 0.5008056685589564
8680.558391925031 0.5005080220295716
8684.61082284426 0.5002632120749685
8708.150290066045 0.5000196805013295
8708.307923933206 0.49977741732130315
8734.231474413446 0.4993161115775285
8737.947069529875 0.4988571960189548
8744.396195708765 0.49840065211701445
8759.515065648491 0.49772592382532627
8803.438180971658 0.4970546645736982
8814.36157041575 0.4964919313664456
8815.703779038184 0.49593207658992056
8834.318325886083 0.4953750782153166
8852.860006514684 0.4947954199117217
8899.381148741466 0.4941912547569481
8927.087596930647 0.49359014866624923
8952.340785010156 0.49299207846489734
8983.329653565477 0.4923970212116631
9036.376973087577 0.49180495419588227
9072.780367656946 0.49111314155410746
9095.507616183755 0.49042478797554157
9099.819077393875 0.48973986758190613
9103.490228212775 0.489191402887004
9114.184960851544 0.4886456601012578
9115.867340541323 0.4879369679255657
9116.240176091495 0.4874940937524754
9132.63370140945 0.4870534012255579
9159.17669397729 0.4869277193254588
9159.761629141834 0.48680265351310525
9169.154871913826 0.4866781992695163
9189.59990009781 0.4865543521197985
9194.324409236879 0.48643110763260977
9210.744397873777 0.48630846141963063
9239.160630285209 0.4861864091350437
9240.41638583484 0.48606494647501997
9241.001452373692 0.4859440691772132
9256.24352933019 0.4858237730202613
9267.886227595947 0.48539871104137333
9271.459242749219 0.48502222860827426
9273.870215111863 0.4846007931593239
9282.168605840285 0.48418136454584476
9330.830352469693 0.48376392846734656
9343.28361025475 0.48343737086027905
9345.206840940005 0.48311235726081
9349.8146051094 0.4827888767443573
9422.90705461975 0.48246691848915846
9443.092857943004 0.48214647177506387
9453.09661421735 0.4818275259823468
9468.842644312403 0.48151007059053025
9474.4273267388 0.48119409517723033
9494.546844493208 0.48087958941701553
9515.009684156197 0.48056654308028196
9520.187590154252 0.4802549460321444
9527.382897155272 0.4799447882313424
9545.753712999445 0.4797320554020007
9583.851730910375 0.479520300654633
9594.014366172176 0.4793095172593175
9595.490001085771 0.4790996985477333
9640.44621283933 0.4788908379124578
9677.185597407752 0.47868292880627233
9692.06798874776 0.4784089650139739
9697.256573566614 0.4781362436878536
9697.456839882083 0.47786475639488324
9724.354193680874 0.4775944947781791
9761.43228354909 0.4773254505561448
9773.68158606303 0.47681887640544013
9777.313116908996 0.4763145738876983
9818.408119863754 0.47576900174770487
9826.707908633118 0.4752258651976221
9831.127747516954 0.4746851479640208
9838.986545519689 0.47414683391812434
9848.857235178268 0.4736109070742053
9870.36121402311 0.4730773515880027
9873.532628888091 0.47257279980005495
9908.299265510543 0.4721537111480286
9926.352957774163 0.4717364646439233
9926.467576933976 0.4713210481683448
9950.987980488171 0.47090744970797666
9970.424002747492 0.4702777959736186
9971.637924737315 0.4696508858285169
9979.602489944451 0.4690267013796983
9999.870442820122 0.4684052248894429
10008.2354580351 0.4677864387736042
10041.66654651566 0.46717032559995053
10095.2976641836 0.46658231239345893
10124.486023922102 0.4659968282760275
10144.225984593357 0.465413856965967
10177.568757011242 0.464833382321046
10208.757358631272 0.4642553883370007
10210.425435644356 0.46386836053808905
10257.11702082101 0.4634829796659813
10268.170488553522 0.4630736055824238
10282.494838917804 0.4627006677863539
10282.625842078834 0.46224999221608815
10287.771360594592 0.46180121823050707
10297.49945721572 0.4613543338196021
10307.008416443177 0.4609093270742892
10324.933520478993 0.4603788442104825
10331.719813135334 0.4598505809402481
10339.016707976945 0.45932452336216506
10348.714601674754 0.45880065769065737
10355.661706869882 0.4582789702547901
10375.299672872183 0.4577943910944597
10381.594101909453 0.45739182580774257
10387.324055682988 0.4569909240139457
10389.558540272155 0.4569201874862318
10390.623053571615 0.45684974205533985
10407.757031270969 0.45677958592806545
10425.864857829445 0.456675203362917
10434.89060569398 0.45646187072624866
10493.66774500699 0.45624940883503606
10504.549977445142 0.4560137672398857
10525.061054611415 0.45577908353739854
10550.448721059578 0.45522217066035214
10552.642204956048 0.45466751249131004
10590.431285480441 0.4541150953653752
10594.05900252671 0.45356490572785135
10598.993848449865 0.45301693013313443
10600.816899424102 0.4524711552436172
10602.838285670521 0.45192756782860705
10622.102954910812 0.4517517420589204
10636.971617592522 0.4516964213499691
10677.422479704692 0.4516413210422487
10684.19657991216 0.4515864398212389
10697.345585325096 0.4515317763828522
10713.909140156717 0.4514773294333304
10732.154080381804 0.4513484116019244
10764.894049140843 0.4512200023221216
10802.439598997744 0.4510920985906645
10812.418216116317 0.45096469742789685
10815.450556315296 0.45083779587753214
10841.79134767937 0.45075305066943866
10869.92385915477 0.4506858352277499
10900.954679196668 0.4506188818345668
10902.5331473376 0.45055218896042326
10918.884836664087 0.45053139789226937
10929.19537013971 0.45051068740965095
10929.531982999486 0.4504900570449537
10934.963714784062 0.4504695063341742
10937.727824933581 0.4502786934818956
10948.899796067053 0.45008861452520266
10951.066162625755 0.4500968765089155
10961.029384391317 0.4501051068375183
10964.303790036272 0.4501133056925892
10968.260914777262 0.4501214732543201
10972.251504252721 0.4501296097015302
10999.860646500969 0.4497901987709339
11043.386667381541 0.4494520759273607
11050.12047853781 0.44892024242781997
11062.798745018421 0.4483904196409429
11075.747009495113 0.4486339959083621
11087.05211274723 0.44887665475104527
11104.851273618659 0.4491184013424402
11121.20578457623 0.44931930068996523
11197.40049618207 0.4495194476054771
11198.338003141003 0.4498297420765984
11228.548864626255 0.45013887873252906
11240.69241425255 0.45044686404151024
11259.625330931329 0.4507537044236922
11270.892714032901 0.45105940625158036
11277.921583509362 0.45136397585047633
11294.728850813659 0.4516674194989143
11307.104517620308 0.45121542266672465
11310.114811901312 0.450654554029333
11323.386274040187 0.45009574740899067
11340.865991299677 0.4495389914551449
11354.807718419836 0.44898878284374927
11370.85942866939 0.4484405859640223
11403.070778296864 0.44832575179498824
11408.056101416587 0.4481815013942802
11413.613732633456 0.44803777554048385
11450.506213041202 0.4481606098791531
11468.299184757869 0.4482829991658707
11487.435915213195 0.4483890222165006
11535.848751249017 0.44849466251243514
11548.417742448635 0.4485999221226185
11569.122650657244 0.44870480310111055
11606.142555667246 0.4487027918030513
11626.70095158666 0.4482771562234434
11669.444588982882 0.44785304349027416
11680.866441014234 0.4474260502006698
11700.558744306505 0.44700057916878233
11760.062134664939 0.446576622268681
11776.563908920125 0.4461541714321679
11859.810400498918 0.4457332186482666
11879.22149619425 0.4450543095656517
11896.035547946058 0.4443777994550602
11961.99791264207 0.4437036756235183
12008.25205908398 0.4430319254674397
12020.005432566477 0.4422946216341689
12075.97456389598 0.44155990483189195
12114.163350025567 0.4408277614685022
12156.75921489554 0.4400981780469425
12194.707514094802 0.439371141164376
12326.117245061436 0.4386056862146122
12434.476732142815 0.43784289371684765
12438.618171959104 0.43708274980414474
12606.943433734032 0.4363252407056973
12747.1311753761 0.4355703527459988
12758.385309359546 0.43481807234401915
12879.206788102554 0.43406838601239106
13082.526880753569 0.4333212803566034
13105.646026345303 0.4325767420742033
13105.83424062136 0.431834757954007
13127.24176485186 0.4310953148753182
13316.959760969765 0.43035839980715485
13456.53220432832 0.4296239998074835
13984.209060559322 0.4288921020224618
13985.228550743597 0.4281626936856885
14092.519529263362 0.4274357621174611
