0.0 152.18
24.6464616476655 200.651
37.9988282255506 298.0853333333334
42.25122225525708 683.3162500000001
158.42275762647557 1143.0685
204.00525909090481 1602.8207499999996
291.441801990454 1674.0865999999994
316.47294687474266 2065.9166000000005
318.695587751576 2408.9802000000027
344.37539356299635 2752.0438000000045
355.9764835098474 3095.1074000000067
360.8267050566339 3438.1710000000057
368.777287222252 3750.798600000007
395.6670020676949 3396.969500000007
436.70152117013544 3144.2344285714357
514.8327243524041 3376.7807142857228
519.8304787029282 3609.3270000000093
567.695614417794 3372.86562500001
617.4477431801633 3572.552500000012
621.4251792517595 3359.944111111123
629.7743701275095 3544.2860000000132
658.2797104506615 3718.648777777794
677.8243310030381 3893.01155555557
701.0618194124104 4067.374333333346
713.5757827612474 4241.737111111122
754.040429997833 4416.099888888898
766.3019324462525 4590.4626666666745
787.1318196358484 4757.638111111117
789.2919405889621 4486.4478
806.3033505819249 4691.021299999994
846.8847155385689 4885.900599999988
895.5202255177737 5080.779899999983
962.345590749187 5275.659199999978
1036.3446774073955 4978.941818181794
1093.0484743404813 5161.829818181789
1095.026341924156 5344.717818181785
1109.1092351034165 5527.605818181781
1122.9422607869635 5710.493818181777
1158.4469942567996 5893.381818181772
1174.3785035184083 6076.269818181769
1186.1981129445164 6259.157818181767
1198.7293543216822 6442.045818181766
1228.1401867975633 6082.315666666617
1255.5594840284316 6259.422666666615
1383.8725286399322 6436.5296666666145
1474.8192751551794 6613.636666666614
1504.254444012369 6283.253230769184
1517.2190866123356 6461.611076923033
1579.123676635918 6639.968923076881
1586.568688765453 6818.326769230729
1616.3181465712487 6996.684615384578
1620.557789529681 7175.042461538426
1628.2807342428373 6835.0617142856845
1694.5867629954287 7003.185285714258
1712.9027717498625 7166.810642857117
1732.107500686933 7330.435999999977
1761.7855521717086 7010.69139999998
1763.2235251198317 7179.6425333333145
1818.6329460500328 7348.593666666649
1819.260048522684 7517.544799999984
1828.7918563998073 7686.495933333319
1861.3090481300458 7364.481624999988
1879.3100589555306 7522.873312499989
1880.6644185091245 7675.22374999999
1937.9213189952256 7820.479437499991
2021.1972909504968 7950.515624999993
2028.284254651633 8080.551812499994
2031.1352602442598 7742.90305882353
2045.7321305193677 7880.580882352951
2055.9591020657804 7986.426000000015
2067.234250134305 8092.271117647079
2079.103352059504 8198.116235294143
2094.2589632564086 8303.961352941207
2107.730947405614 7962.4867777778045
2146.6827461705157 8082.343388888914
2172.1634135190143 7770.5052631579165
2183.5600108635513 7495.576150000017
2187.5395326600615 7609.172300000013
2229.5024492594675 7722.768450000009
2229.5194939063877 7836.364600000005
2319.048963005582 7949.960750000001
2343.278527484889 8063.556899999998
2352.6330946069334 7787.764809523804
2362.4857690190297 7886.743619047608
2385.7600053806195 7622.735045454531
2440.614640292352 7717.214818181799
2461.300427567585 7811.694590909068
2486.324534786832 7906.174363636336
2495.6020841785476 8000.654136363605
2496.6656687641816 8095.133909090873
2524.530110161281 8189.613681818141
2603.898882176154 8284.09345454541
2615.373235137949 8378.573227272678
2677.413177193876 8473.052999999947
2678.9956209802804 8567.532772727216
2704.4538396251723 8662.012545454483
2707.2993087517298 8379.352739130369
2709.44006441213 8120.247916666598
2714.5109742501973 8210.282791666592
2716.9906613248586 8300.317666666586
2720.989870368856 8390.35254166658
2728.4734034615135 8480.387416666574
2740.001089314622 8570.422291666568
2740.6377984377423 8317.551759999898
2755.6607757810552 8407.498119999893
2773.2392833607537 8497.444479999886
2842.2209156139816 8587.39083999988
2843.6930563505434 8677.337199999873
2844.7627499633672 8767.283559999867
2888.3829991704747 8857.22991999986
2929.875933226754 8947.176279999854
2936.216477047954 9037.122639999847
2972.2646872860914 9127.068999999841
2999.3204621585955 9217.015359999834
3014.96122778632 9306.961719999828
3022.893511502307 9396.908079999821
3040.6467456520695 9486.854439999815
3083.1848132769564 9576.800799999808
3097.0753885044937 9666.747159999803
3100.233481163834 9756.693519999795
3141.503084922619 9846.63987999979
3201.8319314105534 9922.264159999788
3204.3403792758354 9997.888439999786
3229.3862502193406 9686.069923076717
3242.1365458711653 9758.785576922868
3259.8162826196185 9831.501230769021
3271.27512646481 9900.839115384404
3290.59193330078 9970.176999999789
3310.111102399489 10039.514884615171
3325.452840660767 10108.852769230562
3330.0335295440004 10175.025961538244
3388.7329496957736 10231.201307692083
3411.815621776421 10287.376653845924
3423.6737918838357 10343.551999999763
3434.5158931823403 10399.727346153602
3458.54776812042 10455.902692307443
3467.6248215865958 10512.078038461283
3471.23688787902 10568.253384615122
3509.090433027449 10624.428730768963
3517.884205294573 10296.720407407145
3563.5531026691315 10362.509444444177
3622.878750165501 10428.29848148121
3629.618260079876 10132.479785714017
3634.1706201895695 10209.100321428294
3635.088088673803 9932.99489655145
3638.152445825529 9683.089299999729
3689.0149293356535 9764.283533333055
3693.7486200110025 9845.477766666383
3694.3910585147933 9926.67199999971
3705.034274198192 10007.866233333038
3707.1594171009087 10089.060466666364
3763.1301359140407 10170.254699999692
3779.1116536469876 9920.75703225776
3781.493101587903 9999.332096773884
3786.0317367107887 10077.907161290006
3819.2869136736026 10156.482225806129
3824.274886338486 10235.057290322253
3853.5515449002364 10303.447032257729
3873.1512938849746 10371.836774193205
3903.7602725474994 10440.226516128681
3915.613270674471 10496.710741935129
3946.3628141403597 10553.194967741576
3949.5446286117212 10566.25806451577
3965.827743782874 10579.321161289965
3975.8789368755183 10592.384258064158
3987.2405698931884 10324.475187499642
4001.9941633015 10387.57812499963
4060.678305148771 10450.68106249962
4067.3030901606753 10513.783999999609
4087.4896805737903 10576.886937499597
4109.847881830144 10639.989874999586
4122.1771030590335 10703.092812499575
4192.418172093058 10766.195749999564
4209.784079235718 10501.138121211688
4230.453491774479 10562.328848484405
4242.781656434074 10623.51957575712
4250.520618568448 10681.24048484802
4291.565383245762 10738.96139393892
4335.791947731305 10796.68230302982
4348.788416683391 10854.40321212072
4372.829169228288 10912.124121211618
4403.549206896487 10969.845030302518
4423.030496947665 11027.565939393418
4469.415218338548 11085.286848484318
4508.501801282264 11141.290545454003
4515.876672429489 11197.29424242369
4529.80113108666 11253.297939393375
4591.016860782049 11309.30163636306
4603.3518776542405 11365.305333332746
4613.768345177785 11421.309030302431
4651.586111972981 11477.312727272118
4673.1247630004755 11533.316424241802
4682.3453241449315 11589.32012121149
4697.51911861911 11645.323818181174
4797.6187203442105 11701.327515150859
4825.616145303667 11757.331212120545
4839.963228266507 11813.33490909023
4868.690503986536 11869.338606059917
4874.229263457823 11925.342303029602
4883.009036699382 11981.345999999288
4890.015116438506 12037.349696968973
4903.653896146309 12086.269030302296
4915.298678905424 12135.188363635618
5033.192615666495 12184.10769696894
5034.533066626291 12233.027030302263
5096.326080603233 12281.946363635585
5114.895424467562 12330.865696968907
5133.430437629523 12379.78503030223
5140.696518498176 12428.704363635552
5141.362737954204 12477.623696968874
5148.841415030011 12158.991529410956
5189.791061629887 12207.34829411683
5198.027793569428 12255.705058822701
5206.045128158396 12304.061823528573
5209.78024576159 12352.418588234446
5211.348824393078 12051.11971428488
5211.847374548549 12102.747085713441
5234.166171006898 12154.374457142001
5261.688213184302 12206.001828570563
5281.94041539817 12257.629199999123
5291.992573204979 12309.256571427684
5292.997461544309 12360.883942856246
5307.468896950339 12412.511314284806
5312.061041417098 12464.138685713368
5327.6023659308785 12515.76605714193
5377.892441218108 12219.184722221305
5379.466169442765 12269.43599999907
5412.758218280319 12319.687277776835
5423.495892408266 12369.938555554598
5443.621417274709 12093.419405404458
5446.235870930569 12151.222918917954
5451.487401821329 12209.026432431452
5479.205734146569 12266.82994594495
5509.431167577476 12315.723081080072
5517.045383976809 12364.616216215194
5548.585678626752 12413.509351350314
5576.2829456161935 12462.402486485436
5611.437320857737 12185.633052630545
5670.914528319327 12236.821578946321
5725.7593266224885 12288.010105262098
5736.931529940557 12339.198631577876
5741.307055907917 12390.387157893652
5744.642645575099 12441.575684209429
5814.613348157867 12492.764210525207
5829.938552358879 12543.952736840984
5836.831232110006 12595.14126315676
5837.765398621224 12646.329789472537
5858.63795691185 12697.518315788315
5907.465979328701 12748.706842104091
5921.642266731302 12799.895368419868
5927.654118121365 12851.083894735644
5975.437330336099 12902.272421051422
6025.4443396916 12953.460947367199
6031.571849594438 13004.649473682975
6116.042669845991 13055.837999998752
6123.104869099914 13107.02652631453
6155.113619002728 13158.215052630307
6195.86890809936 13209.403578946083
6238.70584375559 13260.59210526186
6305.908937269372 13311.780631577638
6321.326774047279 13362.969157893414
6322.076253739318 13414.15768420919
6352.1595752427575 13465.34621052497
6368.361211879213 13516.534736840746
6437.840662326721 13567.723263156522
6455.513531322968 13618.911789472299
6462.052438879653 13670.100315788077
6467.244915491964 13721.288842103853
6546.777709693609 13772.47736841963
6571.713773312214 13823.665894735412
6626.737819518834 13519.362666665273
6677.827202184423 13569.512410255014
6739.823577589083 13619.662153844758
6767.523090266083 13669.8118974345
6779.396552217168 13719.961641024243
6788.275869880271 13770.111384613985
6807.44214506772 13820.261128203729
6846.992272952926 13870.41087179347
6847.989633223638 13920.560615383214
6880.928265570101 13970.710358972956
6908.248345044193 14020.8601025627
6910.8936045773935 14071.009846152443
6968.360201044563 14121.159589742185
7024.591660948487 14171.309333331928
7026.5920123212945 14221.45907692167
7027.911128780465 14271.608820511414
7046.104782119212 14321.484820511412
7064.955671929763 14371.360820511412
7065.229981842157 14421.236820511413
7092.524656981452 14471.112820511413
7117.875669081337 14520.988820511411
7123.155699624914 14214.363199998628
7170.918377361901 14270.762299998629
7194.823915489623 14327.16139999863
7210.054770294277 14383.56049999863
7223.713906931365 14439.95959999863
7231.444221583066 14456.000249998635
7233.467745490414 14127.90380487672
7260.63319701045 13818.567571427277
7276.839629548132 13845.60999999871
7277.60702707698 13872.65242857014
7291.626586005732 13896.453952379667
7297.026053616937 13920.255476189192
7328.564992524896 13626.902883719677
7354.090637293487 13657.277162789445
7355.205471647825 13687.651441859214
7368.016499614423 13718.025720928983
7383.273643217597 13748.39999999875
7407.677891563363 13778.774279068519
7411.88389850202 13809.148558138288
7469.494973020266 13839.522837208056
7519.692462889439 13869.897116277825
7546.2479105165785 13900.271395347592
7552.241668688131 13923.519395347595
7561.698624363335 13629.937545453333
7590.483461279321 13649.805318180606
7595.912202174586 13367.08542222104
7611.07101224518 13387.694533332155
7617.8590486971025 13116.931173911893
7621.0317938275475 12868.495574466966
7622.228276492177 12899.033617020166
7631.729022445992 12929.571659573367
7638.1342314744315 12959.431404254228
7663.3203196920085 12989.29114893509
7673.8981311732805 13019.017829786166
7710.314414394129 13048.744510637242
7721.74213588477 13078.471191488317
7737.180215902553 13108.197872339393
7749.817374820509 12864.217791665667
7754.619792122988 12636.30710203985
7755.213249221362 12670.931469386798
7763.005185392742 12705.555836733747
7766.916929771596 12736.857183672528
7773.690505811245 12516.39951999908
7807.19285703307 12550.678999999083
7810.2414814278245 12583.893919999085
7814.558938296774 12617.108839999086
7828.044266947831 12402.278196077536
7866.464449020428 12431.308352940285
7911.837206182592 12460.338509803032
7921.094480407791 12489.368666665781
7928.796320887195 12278.360230768365
7953.78845845495 12307.5319615376
7973.624245386098 12336.703692306834
7974.948001800722 12365.875423076068
7979.543877901026 12395.047153845302
7989.823437162765 12424.218884614536
7991.772297021303 12453.39061538377
8000.5850365987735 12482.562346153003
8002.165372368057 12501.967192306849
8024.6827287034575 12521.372038460693
8049.731630481223 12540.776884614537
8062.392541541783 12560.181730768381
8087.938729037607 12346.822226414257
8091.528666474427 12142.092370369546
8097.719608996466 12166.007370369545
8159.485618725284 12184.37718518436
8221.82244908082 12202.746999999174
8258.11188486283 12001.849745453732
8285.107183130893 11810.668321427771
8290.43235848565 11831.264714284911
8304.6471596509 11649.338385964125
8369.71818090724 11674.978105262373
8373.685074072786 11700.61782456062
8411.105568424195 11525.92682758544
8412.686280433527 11552.970620688888
8423.815446166942 11580.014413792336
8433.021543971703 11607.058206895786
8448.0666903836 11634.101999999235
8453.177161848917 11661.145793102683
8456.74516254407 11688.189586206132
8489.94786431578 11715.233379309582
8508.694336121385 11742.27717241303
8564.18392946651 11769.32096551648
8565.886507006864 11796.364758619928
8598.039629095852 11820.62531034407
8598.45046035654 11844.885862068211
8605.111640868729 11869.146413792352
8609.09022786631 11893.406965516493
8666.842337856448 11917.667517240636
8680.558391925031 11941.928068964777
8684.61082284426 11764.57776271114
8708.150290066045 11789.633016948432
8708.307923933206 11814.688271185725
8734.231474413446 11834.522067795893
8737.947069529875 11854.35586440606
8744.396195708765 11676.28649999929
8759.515065648491 11690.609733332622
8803.438180971658 11704.932966665952
8814.36157041575 11529.577508196018
8815.703779038184 11546.10619672061
8834.318325886083 11562.6348852452
8852.860006514684 11578.566983605855
8899.381148741466 11593.855114753394
8927.087596930647 11609.143245900934
8952.340785010156 11624.431377048473
8983.329653565477 11639.71950819601
9036.376973087577 11655.00763934355
9072.780367656946 11667.855508196006
9095.507616183755 11680.70337704846
9099.819077393875 11693.551245900915
9103.490228212775 11520.719580644447
9114.184960851544 11536.493580644445
9115.867340541323 11548.346999999285
9116.240176091495 11382.830222221522
9132.63370140945 11400.620539681844
9159.17669397729 11247.224390624318
9159.761629141834 11271.962937499322
9169.154871913826 11296.701484374325
9189.59990009781 11321.440031249329
9194.324409236879 11346.178578124332
9210.744397873777 11370.917124999336
9239.160630285209 11395.65567187434
9240.41638583484 11420.394218749343
9241.001452373692 11445.132765624347
9256.24352933019 11469.87131249935
9267.886227595947 11487.383656249354
9271.459242749219 11328.984799999369
9273.870215111863 11346.220338460913
9282.168605840285 11363.455876922455
9330.830352469693 11380.691415383999
9343.28361025475 11227.295696969093
9345.206840940005 11246.334696969097
9349.8146051094 11265.3736969691
9422.90705461975 11284.412696969104
9443.092857943004 11303.451696969109
9453.09661421735 11322.490696969113
9468.842644312403 11341.529696969115
9474.4273267388 11191.007970148685
9494.546844493208 11209.762805969585
9515.009684156197 11228.517641790484
9520.187590154252 11247.272477611383
9527.382897155272 11266.027313432283
9545.753712999445 11121.054823528872
9583.851730910375 11141.759205881815
9594.014366172176 11162.463588234761
9595.490001085771 11183.167970587707
9640.44621283933 11203.872352940652
9677.185597407752 11224.576735293596
9692.06798874776 11243.70647058772
9697.256573566614 11262.836205881844
9697.456839882083 11281.965941175968
9724.354193680874 11301.095676470091
9761.43228354909 11320.225411764215
9773.68158606303 11333.680470587746
9777.313116908996 11347.135529411276
9818.408119863754 11359.551352940689
9826.707908633118 11371.967176470103
9831.127747516954 11384.382999999516
9838.986545519689 11396.798823528929
9848.857235178268 11409.214647058341
9870.36121402311 11421.630470587754
9873.532628888091 11268.970927535756
9908.299265510543 11122.63399999953
9926.352957774163 11137.282371428102
9926.467576933976 11151.930742856672
9950.987980488171 11166.579114285243
9970.424002747492 11176.050057142385
9971.637924737315 11185.52099999953
9979.602489944451 11194.991942856672
9999.870442820122 11204.462885713816
10008.2354580351 11213.933828570958
10041.66654651566 11223.4047714281
10095.2976641836 11075.27016901362
10124.486023922102 11085.21169014038
10144.225984593357 11095.153211267141
10177.568757011242 11105.094732393902
10208.757358631272 11115.036253520662
10210.425435644356 10974.924055555097
10257.11702082101 10989.18736111065
10268.170488553522 11002.841694443983
10282.494838917804 10866.400082191327
10282.625842078834 10878.815698629684
10287.771360594592 10744.052513513068
10297.49945721572 10756.300351350907
10307.008416443177 10768.548189188745
10324.933520478993 10778.751108107665
10331.719813135334 10788.954027026584
10339.016707976945 10799.156945945504
10348.714601674754 10809.359864864424
10355.661706869882 10819.562783783344
10375.299672872183 10686.184506666234
10381.594101909453 10558.16302631536
10387.324055682988 10570.749236841675
10389.558540272155 10453.40522077879
10390.623053571615 10473.343662337225
10407.757031270969 10493.282103895663
10425.864857829445 10512.426051947605
10434.89060569398 10529.047038960583
10493.66774500699 10545.668025973562
10504.549977445142 10561.732103895632
10525.061054611415 10577.796181817705
10550.448721059578 10586.344571428092
10552.642204956048 10594.892961038478
10590.431285480441 10603.441350648865
10594.05900252671 10611.98974025925
10598.993848449865 10620.538129869637
10600.816899424102 10629.086519480024
10602.838285670521 10637.634909090411
10622.102954910812 10518.20579487129
10636.971617592522 10404.559797467842
10677.422479704692 10424.055645569093
10684.19657991216 10443.551493670346
10697.345585325096 10463.047341771597
10713.909140156717 10482.543189872848
10732.154080381804 10500.301518986758
10764.894049140843 10518.059848100667
10802.439598997744 10535.818177214578
10812.418216116317 10553.576506328487
10815.450556315296 10571.334835442398
10841.79134767937 10457.696024999354
10869.92385915477 10347.257975307988
10900.954679196668 10365.927283949948
10902.5331473376 10384.596592591908
10918.884836664087 10277.437999999309
10929.19537013971 10296.920829267587
10929.531982999486 10316.403658535864
10934.963714784062 10335.886487804142
10937.727824933581 10351.453341462666
10948.899796067053 10367.020195121187
10951.066162625755 10262.001084336578
10961.029384391317 10281.885831324511
10964.303790036272 10301.770578312446
10968.260914777262 10321.655325300379
10972.251504252721 10341.540072288311
10999.860646500969 10353.425566264208
11043.386667381541 10365.311060240103
11050.12047853781 10372.691108432871
11062.798745018421 10380.07115662564
11075.747009495113 10281.469452380094
11087.05211274723 10306.440023808662
11104.851273618659 10209.864588234437
11121.20578457623 10233.6317176462
11197.40049618207 10257.398847057962
11198.338003141003 10164.123279068912
11228.548864626255 10190.119790696817
11240.69241425255 10216.11630232472
11259.625330931329 10242.112813952624
11270.892714032901 10268.109325580528
11277.921583509362 10294.105837208432
11294.728850813659 10320.102348836335
11307.104517620308 10328.831604650286
11310.114811901312 10335.025883720053
11323.386274040187 10341.220162789818
11340.865991299677 10347.414441859584
11354.807718419836 10234.704482757747
11370.85942866939 10240.930321838205
11403.070778296864 10140.46797727186
11408.056101416587 10155.703795453672
11413.613732633456 10170.939613635486
11450.506213041202 10077.706382021597
11468.299184757869 10098.753370785635
11487.435915213195 10119.440988763155
11535.848751249017 10140.128606740676
11548.417742448635 10160.816224718199
11569.122650657244 10181.50384269572
11606.142555667246 10199.770179774365
11626.70095158666 10208.389370785595
11669.444588982882 10217.008561796827
11680.866441014234 10225.527303369856
11700.558744306505 10234.046044942885
11760.062134664939 10242.564786515914
11776.563908920125 10251.083528088944
11859.810400498918 10259.602269661973
11879.22149619425 10262.138651684443
11896.035547946058 10264.675033706913
11961.99791264207 10267.211415729385
12008.25205908398 10269.747797751856
12020.005432566477 10270.707101122642
12075.97456389598 10271.66640449343
12114.163350025567 10272.625707864216
12156.75921489554 10273.585011235004
12194.707514094802 10274.54431460579
12326.117245061436 10274.54431460579
12434.476732142815 10274.54431460579
12438.618171959104 10274.54431460579
12606.943433734032 10274.54431460579
12747.1311753761 10274.54431460579
12758.385309359546 10274.54431460579
12879.206788102554 10274.54431460579
13082.526880753569 10274.54431460579
13105.646026345303 10274.54431460579
13105.83424062136 10274.54431460579
13127.24176485186 10274.54431460579
13316.959760969765 10274.54431460579
13456.53220432832 10274.54431460579
13984.209060559322 10274.54431460579
13985.228550743597 10274.54431460579
14092.519529263362 10274.54431460579
