0.0 0.10582654018726212
24.6464616476655 0.12641233013410613
37.9988282255506 0.1961552176401652
42.25122225525708 0.3064389769970083
158.42275762647557 0.372609232611114
204.00525909090481 0.41672273635385115
291.441801990454 0.4610557001976315
316.47294687474266 0.4943054230804667
318.695587751576 0.4992059994814127
344.37539356299635 0.5031264606021695
355.9764835098474 0.5063341106100614
360.8267050566339 0.5090071522833045
368.777287222252 0.5031284536847209
395.6670020676949 0.5070893105308769
436.70152117013544 0.5223252891673625
514.8327243524041 0.5245912366900839
519.8304787029282 0.5265906021513087
567.695614417794 0.5307365118528595
617.4477431801633 0.5297216295756799
621.4251792517595 0.5343858674130879
629.7743701275095 0.5386058921231236
658.2797104506615 0.5405042542573234
677.8243310030381 0.5422375414233319
701.0618194124104 0.5438263879921731
713.5757827612474 0.5452881268355069
754.040429997833 0.5466374242293535
766.3019324462525 0.5478867736681003
787.1318196358484 0.5445470131816087
789.2919405889621 0.5493066643605995
806.3033505819249 0.5537490054609909
846.8847155385689 0.5565766284293028
895.5202255177737 0.559227524962095
962.345590749187 0.5617177610989605
1036.3446774073955 0.5657212465131394
1093.0484743404813 0.5694959613322221
1095.026341924156 0.573060969772467
1109.1092351034165 0.5764332750537798
1122.9422607869635 0.5796280905834443
1158.4469942567996 0.5826590694192797
1174.3785035184083 0.5855384993133234
1186.1981129445164 0.5882774692125357
1198.7293543216822 0.5908860119736902
1228.1401867975633 0.594312453370659
1255.5594840284316 0.597583147431402
1383.8725286399322 0.6007084773116674
1474.8192751551794 0.6036979232840952
1504.254444012369 0.6081749324319957
1517.2190866123356 0.612465399532067
1579.123676635918 0.6165807455260128
1586.568688765453 0.6205314776802009
1616.3181465712487 0.6243272791616757
1620.557789529681 0.6279770882784784
1628.2807342428373 0.6317923057575561
1694.5867629954287 0.6334004292978274
1712.9027717498625 0.6339240583875
1732.107500686933 0.6344289864382557
1761.7855521717086 0.635700345061835
1763.2235251198317 0.6369278637328771
1818.6329460500328 0.638113771601511
1819.260048522684 0.639260149207857
1828.7918563998073 0.6403689406631753
1861.3090481300458 0.6428823080742962
1879.3100589555306 0.6453158860437943
1880.6644185091245 0.6474223793668364
1937.9213189952256 0.6488427232512878
2021.1972909504968 0.649542808249052
2028.284254651633 0.6502219951871815
2031.1352602442598 0.651926832379369
2045.7321305193677 0.6522880323751105
2055.9591020657804 0.6493788635520306
2067.234250134305 0.6465516431465023
2079.103352059504 0.6438029566411274
2094.2589632564086 0.641129576615352
2107.730947405614 0.6404322243333069
2146.6827461705157 0.6397534681121165
2172.1634135190143 0.6412336733451536
2183.5600108635513 0.6432425784616636
2187.5395326600615 0.6431137737280204
2229.5024492594675 0.6429882298737101
2229.5194939063877 0.6428658246157575
2319.048963005582 0.6427464417098531
2343.278527484889 0.6426299705821414
2352.6330946069334 0.6440043792711272
2362.4857690190297 0.6444425596438029
2385.7600053806195 0.64553281615272
2440.614640292352 0.646597717859104
2461.300427567585 0.6476381390664906
2486.324534786832 0.6486549143373456
2495.6020841785476 0.6496488407257094
2496.6656687641816 0.6506206798609984
2524.530110161281 0.6515711598944129
2603.898882176154 0.6525009773184055
2615.373235137949 0.652805391869561
2677.413177193876 0.6531033295153728
2678.9956209802804 0.6533949947896938
2704.4538396251723 0.653680583704133
2707.2993087517298 0.6542291893606877
2709.44006441213 0.6555217407036448
2714.5109742501973 0.6567881798982593
2716.9906613248586 0.6580292903089816
2720.989870368856 0.6592458242759273
2728.4734034615135 0.6604385046356778
2740.001089314622 0.6616080261534915
2740.6377984377423 0.6630868805661633
2755.6607757810552 0.6645375663233556
2773.2392833607537 0.665960880651167
2842.2209156139816 0.6673575909728511
2843.6930563505434 0.668728436288578
2844.7627499633672 0.6700741284792457
2888.3829991704747 0.671395353539174
2929.875933226754 0.6726927727421667
2936.216477047954 0.673967023745106
2972.2646872860914 0.6752187216329489
2999.3204621585955 0.6764484599087244
3014.96122778632 0.6765828107142217
3022.893511502307 0.6767148451265206
3040.6467456520695 0.6768446225403187
3083.1848132769564 0.676972200336934
3097.0753885044937 0.6770976339689001
3100.233481163834 0.6772209770403335
3141.503084922619 0.6773422813833133
3201.8319314105534 0.676306848827355
3204.3403792758354 0.6752882525731196
3229.3862502193406 0.6756980527868394
3242.1365458711653 0.6761012961971397
3259.8162826196185 0.6764981389183874
3271.27512646481 0.6766170025093725
3290.59193330078 0.6767340088567486
3310.111102399489 0.6768492011522271
3325.452840660767 0.6769626212585446
3330.0335295440004 0.6768751967692382
3388.7329496957736 0.676250440899829
3411.815621776421 0.6756350798555237
3423.6737918838357 0.675028903304417
3434.5158931823403 0.67443170714666
3458.54776812042 0.6738432932853406
3467.6248215865958 0.6732634694073982
3471.23688787902 0.6726920487740636
3509.090433027449 0.6721288500203453
3517.884205294573 0.671980695257424
3563.5531026691315 0.6718346419805015
3622.878750165501 0.6716906457919863
3629.618260079876 0.6717889633662838
3634.1706201895695 0.671885915418716
3635.088088673803 0.6722236838364261
3638.152445825529 0.6729491095666504
3689.0149293356535 0.6736646655590486
3693.7486200110025 0.6743705518758738
3694.3910585147933 0.6750669632085806
3705.034274198192 0.6757540890568513
3707.1594171009087 0.6764321139005092
3763.1301359140407 0.6771012173646451
3779.1116536469876 0.6780314146363534
3781.493101587903 0.6789495314240135
3786.0317367107887 0.6798558015434457
3819.2869136736026 0.6807504528151929
3824.274886338486 0.6816337072554528
3853.5515449002364 0.682145149859734
3873.1512938849746 0.6826501592237096
3903.7602725474994 0.6831488559706357
3915.613270674471 0.6834279237163257
3946.3628141403597 0.6832467320541642
3949.5446286117212 0.6812171546307088
3965.827743782874 0.6792123281514417
3975.8789368755183 0.6772318025991961
3987.2405698931884 0.6768006955617613
4001.9941633015 0.6763747514828585
4060.678305148771 0.6759538781668
4067.3030901606753 0.6755379856000437
4087.4896805737903 0.6751269858870141
4109.847881830144 0.674720793188172
4122.1771030590335 0.6743193236602467
4192.418172093058 0.6739224953985402
4209.784079235718 0.6745024409504969
4230.453491774479 0.6750757585532885
4242.781656434074 0.6756425611833211
4250.520618568448 0.6759562343966669
4291.565383245762 0.6762663831918853
4335.791947731305 0.6765730666374364
4348.788416683391 0.6768763424891481
4372.829169228288 0.6771762672264762
4403.549206896487 0.6774728960875699
4423.030496947665 0.6777662831031872
4469.415218338548 0.6780564811295043
4508.501801282264 0.6781537457875901
4515.876672429489 0.6782499645891373
4529.80113108666 0.6783451543125931
4591.016860782049 0.6784393313794164
4603.3518776542405 0.678532511863522
4613.768345177785 0.6786247115004265
4651.586111972981 0.6787159456961068
4673.1247630004755 0.6788062295355821
4682.3453241449315 0.6788955777912288
4697.51911861911 0.6789840049308378
4797.6187203442105 0.6790715251254251
4825.616145303667 0.6791581522568023
4839.963228266507 0.679243899924917
4868.690503986536 0.6793287814549698
4874.229263457823 0.6794128099043185
4883.009036699382 0.6794959980691737
4890.015116438506 0.6795783584910952
4903.653896146309 0.6793763712629851
4915.298678905424 0.679176374056827
5033.192615666495 0.6789783376075919
5034.533066626291 0.6787822332212761
5096.326080603233 0.6785880327610412
5114.895424467562 0.6783957086337553
5133.430437629523 0.6782052337769241
5140.696518498176 0.6780165816459957
5141.362737954204 0.6778297262020283
5148.841415030011 0.678089625488697
5189.791061629887 0.6783470728953028
5198.027793569428 0.6786021029553676
5206.045128158396 0.6788547495569273
5209.78024576159 0.6791050459575421
5211.348824393078 0.6797371758119477
5211.847374548549 0.680363479584746
5234.166171006898 0.6809840374513717
5261.688213184302 0.6815989281228685
5281.94041539817 0.6822082288791699
5291.992573204979 0.6828120156014775
5292.997461544309 0.6834103628037644
5307.468896950339 0.6840033436634299
5312.061041417098 0.6845910300511341
5327.6023659308785 0.6851734925598364
5377.892441218108 0.685960527367681
5379.466169442765 0.6863270088411999
5412.758218280319 0.6866902755649511
5423.495892408266 0.6870503696535603
5443.621417274709 0.6876566435151873
5446.235870930569 0.6882576682524713
5451.487401821329 0.6888535117420199
5479.205734146569 0.6894442406951776
5509.431167577476 0.6897848713839011
5517.045383976809 0.6901226030880397
5548.585678626752 0.6904574726590924
5576.2829456161935 0.6907895163265918
5611.437320857737 0.691543157486059
5670.914528319327 0.6922904920249449
5725.7593266224885 0.6930315987760066
5736.931529940557 0.6937665552635741
5741.307055907917 0.6944954377305832
5744.642645575099 0.6952183211649421
5814.613348157867 0.6959352793252487
5829.938552358879 0.6966463847658795
5836.831232110006 0.6973517088614644
5837.765398621224 0.6980513218307692
5858.63795691185 0.6987452927599992
5907.465979328701 0.6994336896255403
5921.642266731302 0.7001165793161571
5927.654118121365 0.7007940276546575
5975.437330336099 0.7014660994190427
6025.4443396916 0.7021328583631561
6031.571849594438 0.7027943672368434
6116.042669845991 0.703450687805639
6123.104869099914 0.704101880869991
6155.113619002728 0.7047480062840367
6195.86890809936 0.7053891229739425
6238.70584375559 0.7060252889558182
6305.908937269372 0.7066565613532179
6321.326774047279 0.707282996414239
6322.076253739318 0.7079046495282295
6352.1595752427575 0.7085215752421136
6368.361211879213 0.709133827276347
6437.840662326721 0.7097414585405106
6455.513531322968 0.7103445211485528
6462.052438879653 0.7107884388700674
6467.244915491964 0.7112290437727645
6546.777709693609 0.7116663728025792
6571.713773312214 0.712100462358099
6626.737819518834 0.7126642955076651
6677.827202184423 0.7132239828252492
6739.823577589083 0.7137795698694444
6767.523090266083 0.7143311015337549
6779.396552217168 0.7148786220586886
6788.275869880271 0.7154221750435866
6807.44214506772 0.7159618034581965
6846.992272952926 0.7164975496539963
6847.989633223638 0.7170294553752742
6880.928265570101 0.7175575617699714
6908.248345044193 0.7180819094002937
6910.8936045773935 0.7186025382530961
6968.360201044563 0.7191194877500481
7024.591660948487 0.719632796757585
7026.5920123212945 0.720142503596648
7027.911128780465 0.720648646052221
7046.104782119212 0.7210257258666485
7064.955671929763 0.7214001870712535
7065.229981842157 0.721186710872872
7092.524656981452 0.7209747069241346
7117.875669081337 0.7207641600472097
7123.155699624914 0.7207302127699506
7170.918377361901 0.7206964972147207
7194.823915489623 0.7206630110170094
7210.054770294277 0.7206297518443672
7223.713906931365 0.7205967173958645
7231.444221583066 0.7197112373128262
7233.467745490414 0.7194014095776893
7260.63319701045 0.7193457785646903
7276.839629548132 0.7192905184251114
7277.60702707698 0.7192356254625397
7291.626586005732 0.7188466447367289
7297.026053616937 0.7184602315404615
7328.564992524896 0.7183024800903464
7354.090637293487 0.7181457630759697
7355.205471647825 0.7179900703558048
7368.016499614423 0.7178353919204616
7383.273643217597 0.7176817178905428
7407.677891563363 0.7175290385145393
7411.88389850202 0.7173773441667681
7469.494973020266 0.7172266253453492
7519.692462889439 0.7170768726702215
7546.2479105165785 0.7169280768811966
7552.241668688131 0.7165613105416632
7561.698624363335 0.7164145909027184
7590.483461279321 0.7160302392220929
7595.912202174586 0.715811070410829
7611.07101224518 0.7155932800197619
7617.8590486971025 0.7154735088560246
7621.0317938275475 0.7155219733456643
7622.228276492177 0.7154740843097108
7631.729022445992 0.7154264927211857
7638.1342314744315 0.7152324519640956
7663.3203196920085 0.7150396089894565
7673.8981311732805 0.7146369337315649
7710.314414394129 0.7142367288740286
7721.74213588477 0.7138389717526238
7737.180215902553 0.7134436399795204
7749.817374820509 0.7134820660906436
7754.619792122988 0.7137163231693949
7755.213249221362 0.7134202102068307
7763.005185392742 0.7131258810572939
7766.916929771596 0.7125841406149014
7773.690505811245 0.7123399598563822
7807.19285703307 0.7120972368934363
7810.2414814278245 0.7117024043462626
7814.558938296774 0.7113099150189536
7828.044266947831 0.7116201168745104
7866.464449020428 0.7116385138414538
7911.837206182592 0.7116568025909445
7921.094480407791 0.7116749840750423
7928.796320887195 0.7117677364222973
7953.78845845495 0.7118599479395391
7973.624245386098 0.7119516233433085
7974.948001800722 0.712042767295462
7979.543877901026 0.7121333844039613
7989.823437162765 0.7118145003177017
7991.772297021303 0.7114974488986044
8000.5850365987735 0.7111822143930836
8002.165372368057 0.7107156501797282
8024.6827287034575 0.710251744451919
8049.731630481223 0.7097904745521086
8062.392541541783 0.7093318180794927
8087.938729037607 0.7091144886390619
8091.528666474427 0.7090595998763253
8097.719608996466 0.7090050194774242
8159.485618725284 0.7087695093565576
8221.82244908082 0.7078740729202933
8258.11188486283 0.7072204255821686
8285.107183130893 0.7067212781659958
8290.43235848565 0.7060744454800333
8304.6471596509 0.7059552935786415
8369.71818090724 0.705836798161555
8373.685074072786 0.7057189538181887
8411.105568424195 0.705787935567629
8412.686280433527 0.7058565403676187
8423.815446166942 0.7059247712994885
8433.021543971703 0.7059926314110765
8448.0666903836 0.7060601237171816
8453.177161848917 0.7061272512000105
8456.74516254407 0.7061940168096166
8489.94786431578 0.7062604234643323
8508.694336121385 0.7063264740511943
8564.18392946651 0.7063921714263619
8565.886507006864 0.7064575184155285
8598.039629095852 0.7062964236298602
8598.45046035654 0.7061361834584395
8605.111640868729 0.7059767911186137
8609.09022786631 0.7058182398993146
8666.842337856448 0.7056605231601171
8680.558391925031 0.7055036343303117
8684.61082284426 0.7055251793939216
8708.150290066045 0.7055466119506719
8708.307923933206 0.7055679328795225
8734.231474413446 0.7050963462226576
8737.947069529875 0.7046272030199735
8744.396195708765 0.7046001685235158
8759.515065648491 0.7044414538199558
8803.438180971658 0.704283555130296
8814.36157041575 0.7044637082866034
8815.703779038184 0.7046429399433902
8834.318325886083 0.7048212571529485
8852.860006514684 0.7049336806409112
8899.381148741466 0.7049002751220808
8927.087596930647 0.7048670387451179
8952.340785010156 0.7048339702286447
8983.329653565477 0.704801068304194
9036.376973087577 0.7047683317160471
9072.780367656946 0.7044061240768433
9095.507616183755 0.7040457274758356
9099.819077393875 0.7036871283641097
9103.490228212775 0.7035117755145539
9114.184960851544 0.7033372929024648
9115.867340541323 0.7029544848170487
9116.240176091495 0.7027884682292025
9132.63370140945 0.70262326945706
9159.17669397729 0.7027482225499998
9159.761629141834 0.7028725631277781
9169.154871913826 0.7029962956831711
9189.59990009781 0.7031194246651232
9194.324409236879 0.7032419544792801
9210.744397873777 0.7033638894885137
9239.160630285209 0.7034852340134411
9240.41638583484 0.7036059923329341
9241.001452373692 0.7037261686846223
9256.24352933019 0.7038457672653889
9267.886227595947 0.7036823907653265
9271.459242749219 0.7035421463739282
9273.870215111863 0.7032406430783719
9282.168605840285 0.7029405755127943
9330.830352469693 0.7026419334463407
9343.28361025475 0.7026759169310671
9345.206840940005 0.7027097397373788
9349.8146051094 0.7027434030021512
9422.90705461975 0.7023765365976676
9443.092857943004 0.70201139257067
9453.09661421735 0.7016479588201453
9468.842644312403 0.7012862233581746
9474.4273267388 0.701333458633275
9494.546844493208 0.7013804742094216
9515.009684156197 0.7014272716158413
9520.187590154252 0.7014738523676016
9527.382897155272 0.701520217965774
9545.753712999445 0.7016469857375418
9583.851730910375 0.7017731706689795
9594.014366172176 0.7018987767704565
9595.490001085771 0.7020238080156339
9640.44621283933 0.7021482683418835
9677.185597407752 0.7022721616507015
9692.06798874776 0.7022410467281438
9697.256573566614 0.7022100729163461
9697.456839882083 0.7021792392575429
9724.354193680874 0.7021485448026169
9761.43228354909 0.7021179886110014
9773.68158606303 0.7018919856149773
9777.313116908996 0.7016669960853034
9818.408119863754 0.7014221128434097
9826.707908633118 0.7011783228302745
9831.127747516954 0.700935618741474
9838.986545519689 0.7006939933375126
9848.857235178268 0.7004534394431031
9870.36121402311 0.7002139499464566
9873.532628888091 0.7001105458395811
9908.299265510543 0.7000769262774048
9926.352957774163 0.7000434544935239
9926.467576933976 0.7000101295157125
9950.987980488171 0.6999769503802549
9970.424002747492 0.6995732317661124
9971.637924737315 0.6991712722744717
9979.602489944451 0.6987710604327947
9999.870442820122 0.6983725848680881
10008.2354580351 0.697975834305826
10041.66654651566 0.6975807975688869
10095.2976641836 0.6972894691752514
10124.486023922102 0.6969993938069649
10144.225984593357 0.6967105633973405
10177.568757011242 0.6964229699487852
10208.757358631272 0.6961366055320614
10210.425435644356 0.6960124403892847
10257.11702082101 0.6958888036088177
10268.170488553522 0.6956358240915946
10282.494838917804 0.6955337985017234
10282.625842078834 0.6951367060042721
10287.771360594592 0.6953202934588947
10297.49945721572 0.6955031079137084
10307.008416443177 0.6956851542405607
10324.933520478993 0.6957930886865108
10331.719813135334 0.6959005715239003
10339.016707976945 0.6960076055811756
10348.714601674754 0.6961141936632121
10355.661706869882 0.6958570849647004
10375.299672872183 0.695699208770147
10381.594101909453 0.6957346005983739
10387.324055682988 0.6957698461793768
10389.558540272155 0.6959957963378763
10390.623053571615 0.6962208166603326
10407.757031270969 0.6964449128746886
10425.864857829445 0.6965711319539224
10434.89060569398 0.6965476572962904
10493.66774500699 0.6965242784535876
10504.549977445142 0.6964045985108163
10525.061054611415 0.6962854050718774
10550.448721059578 0.6959789422123097
10552.642204956048 0.6956737200930642
10590.431285480441 0.6953697311945024
10594.05900252671 0.6950669680576284
10598.993848449865 0.6947654232834782
10600.816899424102 0.6944650895325171
10602.838285670521 0.6941659595240448
10622.102954910812 0.6943357289405835
10636.971617592522 0.6946470238406941
10677.422479704692 0.6949570785220792
10684.19657991216 0.6952659003816695
10697.345585325096 0.69557349675769
10713.909140156717 0.6958798749302412
10732.154080381804 0.6961228378232965
10764.894049140843 0.6963648422828488
10802.439598997744 0.6960656417793949
10812.418216116317 0.6957676169164261
10815.450556315296 0.6954707607784101
10841.79134767937 0.6952584081228591
10869.92385915477 0.6951480433142606
10900.954679196668 0.6950381087778204
10902.5331473376 0.6949286020022223
10918.884836664087 0.6948933769370375
10929.19537013971 0.6948582884031131
10929.531982999486 0.6948233356081981
10934.963714784062 0.6947885177661592
10937.727824933581 0.6946083644810306
10948.899796067053 0.6944289040931524
10951.066162625755 0.6944057332082697
10961.029384391317 0.6943826511007237
10964.303790036272 0.6943596572612755
10968.260914777262 0.6943367511845732
10972.251504252721 0.6943139323691154
10999.860646500969 0.6938466158067801
11043.386667381541 0.6933810727418351
11050.12047853781 0.6927637553887177
11062.798745018421 0.6921487719386366
11075.747009495113 0.6918295551718961
11087.05211274723 0.6915115407281942
11104.851273618659 0.6914676102195007
11121.20578457623 0.691343942926105
11197.40049618207 0.6912207388060928
11198.338003141003 0.691307729682004
11228.548864626255 0.6913943959650947
11240.69241425255 0.6914807394687323
11259.625330931329 0.6915667619928028
11270.892714032901 0.6916524653238338
11277.921583509362 0.6917378512351203
11294.728850813659 0.6918229214868458
11307.104517620308 0.6916207287943391
11310.114811901312 0.6912880767634942
11323.386274040187 0.690956647718057
11340.865991299677 0.6906264349259974
11354.807718419836 0.6903880022490742
11370.85942866939 0.6901504413552474
11403.070778296864 0.6902568000440836
11408.056101416587 0.6902339109878318
11413.613732633456 0.6899471476653535
11450.506213041202 0.689916490911503
11468.299184757869 0.6898859452328475
11487.435915213195 0.6897618516681681
11535.848751249017 0.689638206094697
11548.417742448635 0.6895150060908599
11569.122650657244 0.6893922492525044
11606.142555667246 0.6890684827177355
11626.70095158666 0.6884089719599521
11669.444588982882 0.68775182081132
11680.866441014234 0.6870087103502183
11700.558744306505 0.6862682491242719
11760.062134664939 0.6855304229916563
11776.563908920125 0.6847952179110217
11859.810400498918 0.684062619940602
11879.22149619425 0.683083869763584
11896.035547946058 0.6821085780677569
11961.99791264207 0.6811367265542784
12008.25205908398 0.6801682970531713
12020.005432566477 0.6790397694086343
12075.97456389598 0.6779152015102187
12114.163350025567 0.6767945725536537
12156.75921489554 0.6756778618801538
12194.707514094802 0.6745650489751476
12326.117245061436 0.673389848541393
12434.476732142815 0.672218735761321
12438.618171959104 0.6710516893450688
12606.943433734032 0.6698886881503632
12747.1311753761 0.6687297111812449
12758.385309359546 0.6675747375868041
12879.206788102554 0.6664237466599303
13082.526880753569 0.665276717836075
13105.646026345303 0.6641336306920267
13105.83424062136 0.662994464944699
13127.24176485186 0.6618592004499307
13316.959760969765 0.6607278172012984
13456.53220432832 0.6596002953289412
13984.209060559322 0.6584766150983978
13985.228550743597 0.6573567569094549
14092.519529263362 0.6562407012950077
