GRAPH LONG HAUL 30*30 28v

VERTICES ( index name u v w x x y z):
0 0 5.8 15
1 1 8.1 14
2 2 5.3 12.5
3 3 7.7 12
4 4 6.3 9.2
5 5 10.4 14.5
6 6 10.5 10.3
7 7 8.2 5.5
8 8 15 15
9 9 14.2 10.3
10 10 14.7 8
11 11 15.2 5.5
12 12 17.5 14.5
13 13 18 12.5
14 14 17.5 10.3
15 15 17.5 4.3
16 16 20.7 10.4
17 17 21.7 12.7
18 18 20.7 8
19 19 20.3 5.5
20 20 22.2 3.3
21 21 24.5 5.2
22 22 22.5 8
23 23 25.4 5.2
24 24 25.8 17.5
25 25 25.4 12.7
26 26 23.5 15
27 27 21.7 15.5

EDGES (from-node to-node length a b):
0 1 0
0 2 0
1 5 0
1 6 0
2 3 0
2 4 0
3 4 0
3 6 0
4 7 0
5 8 0
6 7 0
6 9 0
7 11 0
8 9 0
8 12 0
9 10 0
9 13 0
10 11 0
10 14 0
11 15 0
11 18 0
12 13 0
13 14 0
13 16 0
13 17 0
14 16 0
15 19 0
16 17 0
16 18 0
16 22 0
17 25 0
17 26 0
17 27 0
18 19 0
18 22 0
19 20 0
19 21 0
20 21 0
21 22 0
22 23 0
23 25 0
24 25 0
24 26 0
24 27 0
25 26 0