GRAPH abilene 12v 25e

VERTICES ( index name u v w x x y z):
0 0 78.44839892993029 22.321794277937332
1 1 76.13798354343693 26.52819530981798
2 2 71.75860121282844 67.65726289260515
3 3 35.793128133191814 61.58153724215673
4 4 55.412388560267964 0.0
5 5 74.77342742994995 56.14474708284687
6 6 53.179269778806734 51.55176097053226
7 7 8.379316123666287 24.004354690689574
8 8 100.0 61.768301447972206
9 9 0.567869357151268 42.713024346817434
10 10 0.0 100.0
11 11 93.66866735770162 51.19062181207382

EDGES (from-node to-node length a b):
1 0 0
4 0 0
8 0 0
11 0 0
4 1 0
5 1 0
11 1 0
7 1 0
5 2 0
8 2 0
10 2 0
3 2 0
6 3 0
9 3 0
10 3 0
6 4 0
7 4 0
6 5 0
8 5 0
11 5 0
7 6 0
9 6 0
9 7 0
11 8 0
10 9 0
