GRAPH (#nodes #edges id uu vv ww xx yy zz):
25 284 geo(0,{25,25,3,0.500,0.000,0.000}) 25 

VERTICES (index name u v w x y z):
0 0 8 17 
1 1 24 19 
2 2 12 9 
3 3 18 9 
4 4 22 6 
5 5 24 1 
6 6 14 11 
7 7 5 8 
8 8 10 2 
9 9 18 15 
10 10 9 24 
11 11 14 1 
12 12 3 11 
13 13 4 6 
14 14 7 3 
15 15 19 23 
16 16 9 23 
17 17 24 20 
18 18 8 12 
19 19 23 22 
20 20 5 18 
21 21 19 22 
22 22 15 9 
23 23 3 5 
24 24 5 0 

EDGES (from-node to-node length a b):
0 19 16 0 
0 17 16 0 
0 11 17 0 
0 10 7 0 
0 9 10 0 
0 7 9 0 
0 5 23 0 
1 24 27 0 
1 21 6 0 
1 16 16 0 
1 15 6 0 
1 12 22 0 
1 10 16 0 
1 9 7 0 
1 8 22 0 
1 4 13 0 
1 3 12 0 
2 23 10 0 
2 21 15 0 
2 20 11 0 
2 18 5 0 
2 17 16 0 
2 8 7 0 
2 7 7 0 
2 6 3 0 
2 4 10 0 
3 24 16 0 
3 23 16 0 
3 21 13 0 
3 18 10 0 
3 15 14 0 
3 14 13 0 
3 12 15 0 
3 11 9 0 
3 7 13 0 
3 5 10 0 
3 4 5 0 
4 24 18 0 
4 22 8 0 
4 20 21 0 
4 17 14 0 
4 16 21 0 
4 11 9 0 
4 9 10 0 
4 8 13 0 
4 7 17 0 
4 6 9 0 
4 5 5 0 
5 20 25 0 
5 19 21 0 
5 18 19 0 
5 17 19 0 
5 14 17 0 
5 11 10 0 
5 10 27 0 
5 9 15 0 
5 8 14 0 
5 7 20 0 
6 24 14 0 
6 23 13 0 
6 17 13 0 
6 15 13 0 
6 14 11 0 
6 13 11 0 
6 11 10 0 
6 10 14 0 
6 9 6 0 
6 8 10 0 
7 24 8 0 
7 21 20 0 
7 20 10 0 
7 18 5 0 
7 17 22 0 
7 16 16 0 
7 14 5 0 
7 12 4 0 
7 11 11 0 
7 9 15 0 
8 22 9 0 
8 21 22 0 
8 18 10 0 
8 17 23 0 
8 16 21 0 
8 15 23 0 
8 13 7 0 
8 11 4 0 
8 9 15 0 
9 24 20 0 
9 22 7 0 
9 16 12 0 
9 15 8 0 
10 24 24 0 
10 22 16 0 
10 18 12 0 
10 15 10 0 
10 14 21 0 
10 12 14 0 
11 23 12 0 
11 22 8 0 
11 21 22 0 
11 14 7 0 
11 13 11 0 
12 22 12 0 
12 21 19 0 
12 20 7 0 
12 14 9 0 
12 13 5 0 
13 22 11 0 
13 20 12 0 
13 19 25 0 
13 15 23 0 
14 24 4 0 
14 23 4 0 
14 20 15 0 
14 17 24 0 
14 15 23 0 
15 23 24 0 
15 20 15 0 
15 19 4 0 
15 18 16 0 
15 17 6 0 
15 16 10 0 
16 24 23 0 
16 21 10 0 
16 18 11 0 
17 22 14 0 
17 21 5 0 
17 20 19 0 
17 19 2 0 
18 24 12 0 
18 23 9 0 
18 22 8 0 
18 21 15 0 
19 24 28 0 
19 21 4 0 
20 24 18 0 
20 23 13 0 
20 22 13 0 
21 24 26 0 
21 23 23 0 
21 22 14 0 
22 24 13 0 
