GRAPH (#nodes #edges id uu vv ww xx yy zz):
9 48 geo(0,{9,100,3,0.500,0.000,0.000}) 100 

VERTICES (index name u v w x y z):
0 0 16 16 
1 1 89 42 
2 2 54 93 
3 3 64 2 
4 4 67 34 
5 5 71 38 
6 6 19 17 
7 7 6 64 
8 8 19 81 

EDGES (from-node to-node length a b):
0 8 65 0 
0 7 49 0 
0 6 3 0 
0 5 59 0 
0 3 50 0 
0 2 86 0 
1 8 80 0 
1 7 86 0 
1 6 74 0 
1 4 23 0 
1 2 62 0 
2 8 37 0 
2 7 56 0 
2 5 58 0 
2 3 92 0 
3 8 91 0 
3 7 85 0 
4 7 68 0 
4 6 51 0 
5 7 70 0 
5 6 56 0 
6 8 64 0 
6 7 49 0 
7 8 21 0 
