GRAPH (#nodes #edges id uu vv ww xx yy zz):
9 52 geo(0,{9,100,3,0.500,0.000,0.000}) 100 

VERTICES (index name u v w x y z):
0 0 10 96 
1 1 68 96 
2 2 63 71 
3 3 19 22 
4 4 51 84 
5 5 19 87 
6 6 24 74 
7 7 31 93 
8 8 98 77 

EDGES (from-node to-node length a b):
0 7 21 0 
0 6 26 0 
0 4 43 0 
0 2 59 0 
0 1 58 0 
1 8 36 0 
1 7 37 0 
1 6 49 0 
1 5 50 0 
1 4 21 0 
1 3 89 0 
1 2 25 0 
2 7 39 0 
2 6 39 0 
2 5 47 0 
2 4 18 0 
2 3 66 0 
3 8 96 0 
3 6 52 0 
3 5 65 0 
3 4 70 0 
4 8 48 0 
4 7 22 0 
4 5 32 0 
6 8 74 0 
7 8 69 0 
