GRAPH (#nodes #edges id uu vv ww xx yy zz):
9 48 geo(0,{9,100,3,0.500,0.000,0.000}) 100 

VERTICES (index name u v w x y z):
0 0 54 13 
1 1 75 72 
2 2 12 85 
3 3 50 98 
4 4 8 27 
5 5 86 11 
6 6 71 85 
7 7 19 68 
8 8 94 29 

EDGES (from-node to-node length a b):
0 6 74 0 
0 5 32 0 
0 4 48 0 
0 3 85 0 
0 2 83 0 
0 1 63 0 
1 8 47 0 
1 6 14 0 
1 5 62 0 
1 3 36 0 
2 8 99 0 
2 6 59 0 
2 5 105 0 
2 4 58 0 
2 3 40 0 
3 8 82 0 
3 5 94 0 
3 4 82 0 
4 8 86 0 
4 6 86 0 
4 5 80 0 
5 8 20 0 
6 8 61 0 
7 8 85 0 
