GRAPH atlanta 15v 22e 

VERTICES ( index name u v w x x y z):
0 0 49.34782608695652 49.88505747126437
1 1 85.86956521739131 39.08045977011494
2 2 100.0 45.74712643678161
3 3 58.26086956521739 2.7586206896551726
4 4 87.60869565217392 0.0
5 5 61.52173913043478 27.586206896551722
6 6 28.043478260869563 67.1264367816092
7 7 71.30434782608695 61.37931034482759
8 8 56.95652173913044 74.02298850574712
9 9 19.782608695652172 85.51724137931035
10 10 0.0 23.218390804597703
11 11 42.82608695652174 100.0
12 12 34.78260869565217 6.436781609195402
13 13 8.91304347826087 42.98850574712644
14 14 88.47826086956522 91.95402298850574

EDGES (from-node to-node length a b):
0 5 0
0 6 0
0 7 0
1 2 0
1 4 0
1 5 0
2 4 0
2 7 0
3 4 0
3 5 0
5 12 0
6 9 0
6 13 0
7 8 0
7 14 0
8 9 0
8 11 0
8 14 0
9 11 0
10 12 0
10 13 0
12 13 0
