GRAPH brain 161v 332e 

VERTICES ( index name u v w x x y z):
0 0 41.71338924787663 11.75904227963776
1 1 28.108959535511723 17.73066536706216
2 2 26.4034770385699 14.314219949663048
3 3 26.150808280148286 10.757182229482655
4 4 26.27714840888712 7.696869005919684
5 5 27.287800444461517 5.970818703602561
6 6 29.624949087929366 4.049075806705136
7 7 32.02527354529466 2.5729440605260048
8 8 35.43623853917832 1.223065601172774
9 9 39.47888117864405 0.0
10 10 44.34268290915998 0.32201582782544463
11 11 47.56415495851945 2.187469343795869
12 12 49.774974972304506 6.418633166528524
13 13 50.25924621847793 10.2160067834037
14 14 80.8777482456465 81.3020805737285
15 15 71.94630492782846 88.10769230500203
16 16 73.90972275085936 89.58291474773029
17 17 77.00486617053605 90.44934104352707
18 18 80.32109044168564 91.372441425557
19 19 83.6373147128352 91.66067313286342
20 20 87.2062077424064 91.31477060284895
21 21 89.57494429282299 90.18952506905896
22 22 91.91209293629085 88.65762854009759
23 23 93.4912468035499 86.83263902768881
24 24 94.43874602333892 84.71247562585866
25 25 94.849319819336 83.83947436664829
26 26 94.81774341144336 82.61556940844386
27 27 94.18607726491732 81.06833712705219
28 28 93.58599902533999 79.72291775192902
29 29 92.57533549070955 79.02002618444197
30 30 91.81734071450074 77.3774569335524
31 31 90.14343462545159 76.31967472117165
32 32 87.36412427903792 74.93650176623447
33 33 67.5022992362557 15.066668555220005
34 34 71.91999508760324 18.898053618476826
35 35 73.90972275085936 17.509634682092656
36 36 76.08895485769573 15.897562070015239
37 37 76.18370707948584 13.74350962803715
38 38 75.07830282212133 11.647775013145568
39 39 75.67838106169863 8.399113569028275
40 40 71.38308116286733 9.48333552790218
41 41 71.1304124044457 6.418633166528524
42 42 69.14067324213354 8.686243620230744
43 43 66.58244374719278 4.433746139613307
44 44 65.47703948982827 8.303391894224225
45 45 63.582052549306226 9.547056715879183
46 46 62.00289868204717 11.679565660714765
47 47 93.27872124977257 59.43102434957262
48 48 91.53309554818642 64.34976147396692
49 49 92.57533549070955 64.82728567848812
50 50 93.42808248870848 64.79745353065918
51 51 95.07040067080891 64.9764639042377
52 52 96.5548138153339 64.46917749830682
53 53 97.81813460932992 64.11089445207735
54 54 99.17620762511604 64.02129308896149
55 55 99.36570056964021 62.58639475695629
56 56 99.71312154985195 61.08896432610206
57 57 100.0 60.42919472610995
58 58 99.46045279143034 59.25827418052078
59 59 99.01829108848455 58.2661716558573
60 60 97.81813460932992 57.634188270929734
61 61 96.11264061333203 56.248130026196606
62 62 94.78615550449464 55.463645960603046
63 63 93.33333026691837 55.07112414212892
64 64 92.10158588081504 54.98050855593338
65 65 95.720488305115 58.190961768511286
66 66 40.710614065691345 46.66202572174652
67 67 49.874982262706055 48.338588932412975
68 68 49.495984874601646 50.34596373313127
69 69 48.86433022713166 52.166564107729364
70 70 47.569421526186915 53.55963448099666
71 71 46.55875799155646 54.85967611660276
72 72 44.56903032830034 56.338605719553684
73 73 42.358210314515276 57.69441213794203
74 74 40.46322337399323 58.71729108709501
75 75 38.441907803788375 58.837528981861645
76 76 36.989082566212126 58.62707769281039
77 77 35.220424255372876 58.23609469556082
78 78 33.54651816632372 56.70036860014307
79 79 32.66219476043211 55.91632169966998
80 80 31.290966824533367 54.63308469129937
81 81 30.45400803048078 53.46884402875281
82 82 29.996058123588632 51.98468593095969
83 83 29.6486371433769 50.07250820690082
84 84 45.76918680745497 56.06716115287783
85 85 56.16528789151698 94.50824432214307
86 86 48.35899271028841 90.73793996953485
87 87 47.979995322184 93.01390902034262
88 88 48.1379118588155 94.1636532874904
89 89 48.35899271028841 95.65571533066381
90 90 49.306491930077456 97.14478716441238
91 91 50.06448670628628 98.00250513100704
92 92 51.35939540723101 99.11605212617003
93 93 52.68588051606844 99.71496834137628
94 94 54.45453882690769 100.0
95 95 56.38110217532242 99.80049532556822
96 96 58.46559355942471 99.57241753885472
97 97 59.94999520489361 98.85922636112666
98 98 61.75022992362557 97.9453589064436
99 99 63.20305516120182 96.40060972293695
100 100 64.24529510372491 94.04876629379982
101 101 64.34004732551504 93.30151120987537
102 102 64.46637595519782 91.77594483186016
103 103 64.34004732551504 89.87182843262485
104 104 30.093110156587244 78.02683949027944
105 105 22.99250054563021 74.25873844987889
106 106 19.45519542300772 77.0250318999388
107 107 17.623372797327068 81.12677736037253
108 108 18.444531888377277 84.56705702014608
109 109 19.70786418142934 87.81809664251934
110 110 22.297670084262776 89.78516481911937
111 111 27.414140573200353 89.7273890767824
112 112 30.635612622559815 88.74441455983674
113 113 34.86774820654971 86.42649514405724
114 114 37.710222867804774 83.63561552761539
115 115 63.99970976382547 46.90419771194761
116 116 70.94091945992153 51.56014613905374
117 117 69.77233938865959 53.34780175016435
118 118 67.8457645411888 54.950309189403214
119 119 66.23503426603709 56.18781872616029
120 120 64.11896647404215 56.91132700073417
121 121 61.813394238466955 57.302957002362184
122 122 59.128836113843406 56.881197580623244
123 123 57.707598783215886 55.040924775598754
124 124 56.981180414899725 53.43859220240807
125 125 55.93894047237662 51.469145847552056
126 126 55.87577615753523 49.64697167851997
127 127 16.49461395714026 50.552882728008264
128 128 20.265821378723018 64.40946074283448
129 129 17.107513644204946 65.96027777821489
130 130 14.959869444317311 66.55592399831917
131 131 11.801550210743198 65.84108907973763
132 132 9.906574769277192 65.72188289465558
133 133 8.26424508812072 64.8869674607509
134 134 6.24292951791587 64.52887676717437
135 135 4.095273818972199 62.616314337809364
136 136 3.0846217833978016 61.65831069255168
137 137 2.0739582487673602 60.21916311557439
138 138 1.9476296190845714 58.65715465310686
139 139 1.5686322309801617 57.33308642247324
140 140 1.3001752686122015 56.6400922733163
141 141 0.952765787456503 55.07112414212892
142 142 0.5685018316846319 53.7714147520145
143 143 0.384263955771871 53.16618587246699
144 144 0.0 52.01500770372369
145 145 0.10001878945757195 49.950958816772385
146 146 0.13686176501771058 48.49082731400677
147 147 1.04750651019058 47.15011183558106
148 148 1.6791726567166112 46.11259659819082
149 149 2.500331747766821 44.98205262313927
150 150 3.068833579451463 44.09486972741703
151 151 3.732076133870172 43.20672506842945
152 152 4.647987446710503 42.593662189920884
153 153 6.03763687038931 41.98014465968707
154 154 7.901047403018683 41.67321977182426
155 155 9.417036955436323 41.73461524135964
156 156 11.18568376721955 41.796010710895146
157 157 12.60692109784708 42.041522642617664
158 158 14.817741111632138 42.532336666804746
159 159 16.870644588785698 42.96156286880338
160 160 18.928814633606724 44.584459689266446

EDGES (from-node to-node length a b):
47 61 0
47 62 0
47 58 0
47 59 0
47 48 0
47 52 0
19 14 0
144 127 0
47 65 0
47 63 0
47 33 0
47 64 0
66 72 0
155 127 0
66 73 0
14 47 0
66 74 0
66 75 0
117 115 0
85 47 0
66 71 0
127 133 0
127 134 0
2 0 0
74 66 0
21 14 0
120 115 0
3 0 0
42 33 0
9 0 0
99 85 0
84 66 0
79 66 0
67 66 0
23 14 0
73 66 0
141 127 0
85 14 0
1 0 0
47 14 0
96 85 0
98 85 0
158 127 0
107 104 0
148 127 0
85 127 0
106 104 0
127 132 0
127 138 0
127 137 0
71 66 0
28 14 0
33 47 0
64 47 0
119 115 0
37 33 0
127 136 0
127 135 0
111 104 0
0 12 0
85 104 0
0 11 0
124 115 0
0 13 0
47 85 0
30 14 0
0 7 0
0 9 0
66 68 0
0 8 0
66 69 0
80 66 0
110 104 0
0 127 0
126 115 0
53 47 0
127 149 0
27 14 0
44 33 0
115 47 0
127 148 0
54 47 0
115 33 0
127 150 0
105 104 0
118 115 0
103 85 0
20 14 0
66 81 0
102 85 0
127 154 0
85 102 0
85 103 0
127 155 0
115 66 0
127 151 0
114 104 0
127 152 0
127 153 0
140 127 0
85 86 0
85 92 0
85 97 0
85 98 0
85 99 0
85 100 0
43 33 0
12 0 0
94 85 0
56 47 0
16 14 0
157 127 0
6 0 0
47 115 0
132 127 0
24 14 0
39 33 0
66 127 0
108 104 0
52 47 0
66 78 0
34 33 0
95 85 0
55 47 0
90 85 0
121 115 0
127 139 0
127 140 0
7 0 0
127 141 0
127 142 0
127 143 0
40 33 0
127 144 0
127 145 0
127 146 0
127 147 0
112 104 0
152 127 0
104 113 0
104 112 0
128 127 0
104 105 0
33 0 0
142 127 0
60 47 0
104 114 0
41 33 0
109 104 0
104 85 0
4 0 0
51 47 0
66 0 0
104 106 0
58 47 0
130 127 0
146 127 0
66 76 0
66 77 0
66 67 0
93 85 0
66 70 0
131 127 0
66 84 0
104 127 0
133 127 0
104 108 0
68 66 0
66 82 0
104 109 0
66 83 0
13 0 0
66 79 0
122 115 0
104 107 0
66 80 0
14 32 0
127 66 0
14 29 0
127 0 0
14 28 0
14 31 0
72 66 0
14 30 0
14 19 0
50 47 0
14 15 0
14 26 0
66 115 0
45 33 0
14 25 0
0 66 0
8 0 0
116 115 0
5 0 0
59 47 0
101 85 0
125 115 0
85 88 0
85 87 0
104 111 0
104 110 0
127 156 0
32 14 0
127 158 0
127 157 0
127 160 0
127 159 0
29 14 0
0 10 0
10 0 0
35 33 0
17 14 0
150 127 0
85 90 0
85 91 0
145 127 0
85 89 0
85 94 0
85 93 0
134 127 0
75 66 0
113 104 0
127 129 0
85 96 0
127 128 0
85 95 0
46 33 0
127 131 0
127 130 0
87 85 0
137 127 0
92 85 0
33 43 0
0 2 0
33 44 0
14 27 0
0 1 0
97 85 0
78 66 0
143 127 0
33 46 0
15 14 0
33 45 0
14 85 0
156 127 0
88 85 0
127 104 0
86 85 0
36 33 0
154 127 0
33 37 0
159 127 0
115 119 0
81 66 0
48 47 0
31 14 0
160 127 0
129 127 0
89 85 0
33 35 0
22 14 0
33 36 0
127 85 0
123 115 0
0 33 0
115 123 0
115 122 0
115 121 0
26 14 0
135 127 0
115 120 0
91 85 0
115 116 0
138 127 0
33 40 0
33 41 0
33 38 0
33 39 0
14 20 0
47 55 0
115 126 0
47 54 0
115 125 0
47 53 0
115 124 0
47 60 0
57 47 0
14 24 0
14 23 0
47 51 0
139 127 0
14 22 0
14 21 0
47 50 0
18 14 0
49 47 0
136 127 0
115 117 0
115 118 0
25 14 0
38 33 0
77 66 0
153 127 0
33 115 0
33 42 0
0 4 0
11 0 0
0 3 0
0 6 0
0 5 0
65 47 0
33 34 0
76 66 0
47 49 0
63 47 0
149 127 0
82 66 0
47 56 0
47 57 0
70 66 0
100 85 0
14 17 0
14 16 0
69 66 0
151 127 0
14 18 0
83 66 0
85 101 0
61 47 0
147 127 0
62 47 0
