GRAPH cost266 37v 57e 

VERTICES ( index name u v w x x y z):
0 0 41.143695014662754 65.68670469504168
1 1 96.36363636363636 2.7204914436156096
2 2 33.16715542521994 17.507678806494052
3 3 86.89149560117303 32.6897762176393
4 4 66.07038123167156 66.4326458973234
5 5 21.26099706744868 66.21325142606405
6 6 25.102639296187686 32.777534006143036
7 7 39.530791788856305 59.01711276875821
8 8 82.72727272727273 44.40544098288722
9 9 63.63636363636365 80.47389205792012
10 10 8.445747800586512 69.98683633172442
11 11 46.65689149560117 60.7722685388328
12 12 52.19941348973607 55.81395348837209
13 13 14.3108504398827 81.04431768319438
14 14 56.158357771260995 70.95217200526545
15 15 100.0 100.0
16 16 85.27859237536656 55.59455901711274
17 17 0.0 5.923650724001731
18 18 26.275659824046922 61.95699868363317
19 19 40.93841642228739 36.63887670030713
20 20 15.865102639296188 13.339183852566913
21 21 42.521994134897355 25.97630539710397
22 22 53.665689149560116 35.49802544975865
23 23 60.70381231671554 47.16981132075472
24 24 58.2991202346041 98.94690653795524
25 25 65.92375366568915 3.247038174637977
26 26 33.60703812316716 50.41684949539269
27 27 69.0909090909091 55.72619569986834
28 28 63.431085043988276 19.74550241333918
29 29 9.237536656891496 0.0
30 30 95.19061583577712 23.562966213251414
31 31 79.70674486803519 96.31417288284334
32 32 49.56011730205278 49.14436156208862
33 33 74.7800586510264 47.564721369021484
34 34 88.35777126099707 65.24791575252303
35 35 73.75366568914956 37.077665642825785
36 36 51.847507331378296 43.87889425186485

EDGES (from-node to-node length a b):
0 7 0
0 13 0
0 14 0
0 18 0
1 25 0
1 30 0
1 35 0
2 20 0
2 21 0
2 29 0
3 8 0
3 30 0
3 35 0
4 9 0
4 14 0
4 23 0
4 27 0
4 34 0
5 13 0
5 18 0
6 20 0
6 21 0
6 26 0
7 11 0
7 26 0
8 16 0
8 27 0
9 24 0
9 31 0
10 13 0
10 18 0
11 12 0
12 14 0
12 23 0
12 32 0
15 24 0
15 31 0
15 34 0
16 34 0
17 18 0
17 20 0
17 29 0
18 26 0
19 21 0
19 26 0
19 36 0
21 28 0
22 23 0
22 28 0
22 36 0
23 33 0
25 28 0
26 32 0
27 33 0
28 35 0
32 36 0
33 35 0
