GRAPH dfn-gwin 11v 47e 

VERTICES ( index name u v w x x y z):
0 0 85.44963445129518 57.60745281073686
1 1 47.4029816557543 99.29520703293399
2 2 43.21030662823473 77.1279686592064
3 3 33.20941582199145 8.94674689310027
4 4 74.1888891009856 0.0
5 5 2.906732586328674 46.99994376651862
6 6 63.91916569632414 24.529044593150847
7 7 100.0 78.55255018838221
8 8 0.0 60.0254925115747
9 9 27.364136140645577 34.71667697613823
10 10 3.213901667716549 100.0

EDGES (from-node to-node length a b):
0 7 0
0 5 0
0 4 0
1 8 0
1 7 0
1 6 0
1 3 0
1 4 0
2 9 0
2 8 0
2 5 0
3 8 0
3 6 0
3 5 0
4 8 0
4 7 0
4 6 0
5 6 0
6 9 0
7 8 0
10 9 0
10 2 0
0 8 0
0 6 0
0 3 0
0 2 0
0 1 0
0 9 0
1 9 0
1 5 0
1 2 0
2 7 0
2 6 0
2 4 0
2 3 0
3 9 0
3 7 0
3 4 0
4 9 0
4 5 0
5 9 0
5 8 0
5 7 0
6 8 0
6 7 0
7 9 0
8 9 0
