GRAPH dfn-bwin 10v 45e 

VERTICES ( index name u v w x x y z):
0 0 27.685325264750382 37.832699619771866
1 1 0.0 47.33840304182509
2 2 52.193645990922846 100.0
3 3 43.41906202723146 78.89733840304172
4 4 25.264750378214828 17.680608365018987
5 5 38.42662632375188 7.414448669201525
6 6 72.16338880484115 0.0
7 7 67.77609682299547 22.62357414448676
8 8 100.0 80.60836501901136
9 9 85.4765506807867 59.50570342205322

EDGES (from-node to-node length a b):
9 8 0
9 1 0
9 6 0
2 4 0
2 8 0
2 7 0
2 5 0
2 6 0
3 0 0
3 4 0
3 1 0
5 4 0
5 7 0
5 1 0
6 4 0
6 8 0
6 7 0
1 7 0
7 0 0
8 4 0
9 4 0
9 7 0
9 5 0
9 3 0
9 2 0
9 0 0
2 0 0
2 1 0
2 3 0
3 8 0
3 7 0
3 6 0
3 5 0
5 0 0
5 8 0
5 6 0
6 0 0
6 1 0
1 0 0
1 4 0
1 8 0
7 4 0
7 8 0
8 0 0
4 0 0
