GRAPH di-yuan 11v 42e 

VERTICES ( index name u v w x x y z):
0 0 88.01020408163265 80.66825775656325
1 1 53.316326530612244 52.02863961813843
2 2 100.0 46.77804295942721
3 3 94.38775510204081 0.0
4 4 96.93877551020408 23.86634844868735
5 5 53.316326530612244 8.1145584725537
6 6 10.714285714285714 73.9856801909308
7 7 0.0 37.23150357995227
8 8 50.0 100.0
9 9 38.265306122448976 80.42959427207637
10 10 23.46938775510204 0.0

EDGES (from-node to-node length a b):
6 7 0
0 2 0
0 6 0
0 8 0
1 2 0
1 3 0
1 4 0
1 5 0
1 7 0
3 7 0
3 8 0
5 7 0
2 5 0
2 7 0
2 8 0
4 5 0
4 7 0
4 8 0
9 8 0
7 9 0
3 9 0
0 10 0
1 10 0
10 6 0
10 7 0
10 3 0
6 3 0
6 9 0
0 9 0
1 9 0
2 9 0
0 1 0
10 2 0
2 4 0
5 9 0
6 8 0
0 7 0
10 5 0
10 8 0
3 4 0
4 6 0
3 5 0
