GRAPH france 25v 45e 

VERTICES ( index name u v w x x y z):
0 0 37.472283813747225 41.00529100529101
1 1 38.13747228381374 19.047619047619047
2 2 52.77161862527716 0.0
3 3 56.76274944567628 36.507936507936506
4 4 57.42793791574279 25.132275132275133
5 5 74.50110864745011 34.39153439153439
6 6 61.4190687361419 13.227513227513226
7 7 81.1529933481153 29.365079365079367
8 8 100.0 30.952380952380953
9 9 5.986696230598669 24.6031746031746
10 10 2.2172949002217295 60.58201058201058
11 11 13.52549889135255 48.67724867724868
12 12 77.60532150776052 60.84656084656085
13 13 76.94013303769401 73.28042328042328
14 14 50.110864745011085 74.86772486772487
15 15 33.92461197339246 60.317460317460316
16 16 21.951219512195124 25.925925925925924
17 17 6.208425720620843 72.22222222222221
18 18 0.0 88.09523809523809
19 19 32.15077605321508 98.94179894179894
20 20 23.059866962305986 82.8042328042328
21 21 84.70066518847007 81.74603174603175
22 22 72.50554323725056 98.94179894179894
23 23 52.54988913525499 100.0
24 24 45.23281596452328 44.44444444444444

EDGES (from-node to-node length a b):
0 1 0
2 6 0
2 8 0
2 9 0
4 3 0
5 3 0
5 4 0
5 6 0
5 7 0
7 6 0
7 8 0
9 11 0
10 9 0
10 11 0
12 13 0
14 8 0
14 10 0
14 12 0
14 13 0
14 15 0
14 17 0
14 19 0
14 20 0
14 21 0
14 24 0
15 8 0
15 9 0
15 10 0
15 11 0
16 9 0
16 15 0
17 18 0
19 18 0
19 20 0
19 23 0
21 8 0
21 19 0
21 22 0
21 23 0
23 22 0
24 0 0
24 1 0
24 2 0
24 3 0
24 8 0
