GRAPH geant 22v 36e 

VERTICES ( index name u v w x x y z):
0 0 83.04717253341823 59.13346500404906
1 1 71.99364728725153 68.79917040120482
2 2 73.63782365153355 51.78543291938895
3 3 81.27196595163707 65.98351795326545
4 4 75.97733370334429 66.10700505307749
5 5 64.58689988390263 30.579729794102672
6 6 70.15389108253396 61.50610290103078
7 7 89.67491081209863 21.64285478723211
8 8 82.67155257658739 50.3318028750142
9 9 85.54888420183839 56.526311546593476
10 10 62.23847058219898 77.94051366236356
11 11 100.0 0.0
12 12 76.44242201219382 49.075312473662805
13 13 73.62835269546169 64.27118793124296
14 14 72.53514690188474 74.2102505285761
15 15 0.0 31.507165549664183
16 16 83.52026058186244 74.47664554805186
17 17 59.591200433567494 24.315965746070944
18 18 84.42763334416517 100.0
19 19 81.33863044825944 51.24897857480498
20 20 83.74305792712588 58.92826388863443
21 21 67.87589626967545 71.22384143816667

EDGES (from-node to-node length a b):
0 2 0
0 4 0
0 9 0
0 15 0
0 19 0
1 6 0
1 13 0
1 14 0
2 6 0
2 12 0
3 4 0
3 16 0
3 20 0
4 6 0
4 7 0
4 10 0
4 12 0
4 14 0
4 18 0
5 6 0
5 12 0
5 17 0
6 13 0
6 21 0
7 12 0
8 9 0
8 19 0
9 20 0
10 21 0
11 12 0
11 14 0
14 21 0
15 21 0
16 18 0
17 21 0
18 21 0
