GRAPH germany50 50v 88e 

VERTICES ( index name u v w x x y z):
0 0 0.0 43.60056258790434
1 1 63.198959687906374 9.423347398030959
2 2 72.17165149544863 31.926863572433206
3 3 95.57867360208063 68.35443037974687
4 4 31.98959687906372 61.60337552742614
5 5 58.647594278283485 64.9789029535865
6 6 36.5409622886866 76.65260196905763
7 7 33.02990897269181 82.70042194092822
8 8 89.5968790637191 44.72573839662453
9 9 33.940182054616386 31.364275668073166
10 10 18.335500650195062 54.149085794655385
11 11 100.0 47.39803094233476
12 12 9.4928478543563 50.492264416315045
13 13 65.01950585175551 46.69479606188463
14 14 12.743823146944077 53.44585091420535
15 15 44.34330299089726 100.0
16 16 34.72041612483746 34.59915611814344
17 17 22.886866059817944 4.50070323488045
18 18 47.46423927178153 40.787623066104125
19 19 34.200260078023405 40.92827004219411
20 20 95.70871261378413 90.43600562587906
21 21 51.36540962288687 83.12236286919828
22 22 47.85435630689207 66.38537271448666
23 23 22.23667100130039 24.89451476793251
24 24 30.819245773732117 18.9873417721519
25 25 45.12353706111833 51.47679324894515
26 26 55.65669700910273 0.8438818565401155
27 27 53.0559167750325 93.9521800281294
28 28 19.245773732119627 38.537271448663844
29 29 10.793237971391417 46.13220815752459
30 30 40.832249674902464 0.0
31 31 82.44473342002601 51.75808720112522
32 32 72.8218465539662 63.0098452883263
33 33 31.85955786736021 25.738396624472625
34 34 71.91157347204161 6.891701828410711
35 35 20.28608582574772 60.618846694796034
36 36 15.214564369310793 83.54430379746834
37 37 64.889466840052 26.86357243319271
38 38 28.218465539661906 76.65260196905763
39 39 25.877763328998686 64.9789029535865
40 40 96.4889466840052 12.79887482419132
41 41 78.67360208062418 18.846694796061918
42 42 12.873862158647597 22.081575246132193
43 43 70.35110533159946 82.84106891701822
44 44 25.877763328998686 45.710267229254534
45 45 39.791937581274375 15.18987341772158
46 46 8.322496749024703 29.39521800281296
47 47 51.36540962288687 10.407876230661058
48 48 4.291287386215865 52.461322081575254
49 49 51.105331599479854 29.81715893108302

EDGES (from-node to-node length a b):
12 14 0
10 14 0
48 14 0
29 12 0
0 29 0
28 29 0
35 10 0
44 10 0
25 10 0
48 0 0
46 0 0
4 35 0
39 35 0
44 28 0
16 28 0
23 28 0
46 28 0
4 44 0
19 44 0
38 48 0
36 48 0
31 3 0
11 3 0
43 3 0
32 3 0
20 3 0
11 31 0
13 31 0
32 31 0
2 31 0
13 11 0
8 11 0
8 13 0
25 13 0
49 13 0
2 8 0
32 43 0
20 43 0
21 43 0
27 43 0
5 32 0
27 21 0
22 21 0
5 21 0
38 6 0
7 6 0
22 6 0
15 27 0
36 38 0
39 38 0
7 15 0
4 22 0
5 22 0
39 22 0
5 4 0
25 5 0
19 25 0
18 25 0
9 16 0
19 16 0
18 16 0
33 9 0
23 9 0
24 33 0
42 23 0
24 23 0
18 19 0
42 46 0
49 18 0
24 42 0
24 45 0
47 45 0
30 45 0
49 45 0
17 24 0
1 47 0
17 30 0
26 30 0
1 34 0
26 34 0
40 34 0
37 34 0
41 34 0
49 1 0
41 40 0
2 37 0
49 37 0
41 37 0
