GRAPH giul39 39v 172e 

VERTICES ( index name u v w x x y z):
0 0 10.828025477707007 10.535714285714286
1 1 0.0 46.785714285714285
2 2 7.802547770700636 43.03571428571429
3 3 20.85987261146497 20.17857142857143
4 4 25.0 2.6785714285714284
5 5 50.79617834394905 0.0
6 6 17.67515923566879 42.5
7 7 2.388535031847134 72.85714285714285
8 8 30.4140127388535 12.142857142857142
9 9 24.840764331210192 52.32142857142858
10 10 13.05732484076433 60.17857142857142
11 11 13.853503184713375 76.78571428571429
12 12 46.33757961783439 11.071428571428571
13 13 39.96815286624204 22.678571428571427
14 14 30.73248407643312 40.35714285714286
15 15 38.53503184713376 46.785714285714285
16 16 24.363057324840764 64.64285714285715
17 17 74.84076433121018 3.0357142857142856
18 18 59.39490445859873 16.071428571428573
19 19 43.152866242038215 39.107142857142854
20 20 76.59235668789809 15.892857142857142
21 21 68.31210191082803 18.75
22 22 61.94267515923567 58.03571428571429
23 23 40.76433121019109 60.357142857142854
24 24 18.312101910828023 94.82142857142857
25 25 59.554140127388536 32.142857142857146
26 26 85.03184713375796 29.82142857142857
27 27 57.64331210191082 75.71428571428571
28 28 32.324840764331206 71.07142857142857
29 29 46.33757961783439 72.32142857142857
30 30 31.84713375796178 98.92857142857143
31 31 74.52229299363057 78.57142857142857
32 32 63.69426751592356 82.85714285714286
33 33 75.31847133757962 55.00000000000001
34 34 85.828025477707 43.392857142857146
35 35 96.17834394904459 21.785714285714285
36 36 86.94267515923568 93.03571428571429
37 37 100.0 65.17857142857143
38 38 57.80254777070064 100.0

EDGES (from-node to-node length a b):
0 1 0
1 0 0
0 2 0
2 0 0
0 3 0
3 0 0
0 4 0
4 0 0
0 6 0
6 0 0
1 2 0
2 1 0
1 7 0
7 1 0
2 3 0
3 2 0
2 6 0
6 2 0
3 4 0
4 3 0
3 6 0
6 3 0
3 9 0
9 3 0
4 5 0
5 4 0
4 8 0
8 4 0
5 8 0
8 5 0
5 17 0
17 5 0
6 9 0
9 6 0
6 10 0
10 6 0
7 11 0
11 7 0
7 24 0
24 7 0
8 9 0
9 8 0
8 12 0
12 8 0
8 13 0
13 8 0
8 14 0
14 8 0
9 10 0
10 9 0
9 14 0
14 9 0
9 23 0
23 9 0
10 11 0
11 10 0
10 16 0
16 10 0
11 24 0
24 11 0
12 13 0
13 12 0
12 17 0
17 12 0
12 18 0
18 12 0
13 14 0
14 13 0
13 19 0
19 13 0
13 25 0
25 13 0
14 15 0
15 14 0
15 16 0
16 15 0
15 19 0
19 15 0
15 22 0
22 15 0
15 23 0
23 15 0
16 23 0
23 16 0
16 24 0
24 16 0
16 30 0
30 16 0
17 18 0
18 17 0
17 20 0
20 17 0
17 35 0
35 17 0
18 21 0
21 18 0
18 25 0
25 18 0
19 22 0
22 19 0
19 25 0
25 19 0
20 21 0
21 20 0
20 35 0
35 20 0
21 26 0
26 21 0
22 23 0
23 22 0
22 25 0
25 22 0
22 27 0
27 22 0
22 33 0
33 22 0
23 27 0
27 23 0
23 28 0
28 23 0
24 30 0
30 24 0
25 26 0
26 25 0
25 29 0
29 25 0
25 33 0
33 25 0
26 34 0
34 26 0
27 29 0
29 27 0
27 30 0
30 27 0
27 31 0
31 27 0
27 33 0
33 27 0
28 29 0
29 28 0
28 30 0
30 28 0
29 30 0
30 29 0
30 32 0
32 30 0
30 38 0
38 30 0
31 33 0
33 31 0
31 36 0
36 31 0
32 33 0
33 32 0
32 36 0
36 32 0
32 38 0
38 32 0
33 34 0
34 33 0
33 36 0
36 33 0
33 37 0
37 33 0
34 35 0
35 34 0
35 37 0
37 35 0
36 37 0
37 36 0
36 38 0
38 36 0
