GRAPH india35 35v 80e 

VERTICES ( index name u v w x x y z):
0 0 0.0 57.14285714285714
1 1 58.333333333333336 46.93877551020408
2 2 83.33333333333334 77.55102040816327
3 3 70.83333333333334 48.97959183673469
4 4 8.333333333333332 34.69387755102041
5 5 100.0 42.857142857142854
6 6 39.58333333333333 53.06122448979592
7 7 62.5 14.285714285714285
8 8 35.41666666666667 4.081632653061225
9 9 54.166666666666664 30.612244897959183
10 10 97.91666666666666 91.83673469387756
11 11 47.91666666666667 22.448979591836736
12 12 81.25 85.71428571428571
13 13 27.083333333333332 0.0
14 14 68.75 26.53061224489796
15 15 85.41666666666666 71.42857142857143
16 16 77.08333333333334 95.91836734693877
17 17 75.0 61.224489795918366
18 18 14.583333333333334 22.448979591836736
19 19 52.083333333333336 6.122448979591836
20 20 12.5 89.79591836734694
21 21 41.66666666666667 67.3469387755102
22 22 18.75 18.367346938775512
23 23 56.25 12.244897959183673
24 24 2.083333333333333 42.857142857142854
25 25 95.83333333333334 36.734693877551024
26 26 43.75 100.0
27 27 91.66666666666666 59.183673469387756
28 28 29.166666666666668 32.6530612244898
29 29 25.0 81.63265306122449
30 30 6.25 69.38775510204081
31 31 66.66666666666666 8.16326530612245
32 32 22.916666666666664 65.3061224489796
33 33 89.58333333333334 87.75510204081633
34 34 33.33333333333333 79.59183673469387

EDGES (from-node to-node length a b):
0 24 0
0 30 0
0 32 0
1 3 0
1 6 0
1 9 0
1 14 0
1 21 0
1 28 0
2 12 0
2 15 0
2 17 0
2 33 0
3 14 0
3 17 0
3 25 0
3 27 0
4 6 0
4 18 0
4 24 0
4 28 0
5 25 0
5 27 0
6 9 0
6 21 0
6 24 0
6 28 0
6 32 0
7 9 0
7 14 0
7 23 0
7 31 0
8 11 0
8 13 0
8 19 0
8 22 0
8 28 0
9 11 0
9 14 0
9 23 0
9 28 0
10 15 0
10 33 0
11 22 0
11 23 0
11 28 0
12 16 0
12 33 0
13 22 0
14 25 0
15 17 0
15 27 0
16 21 0
16 26 0
16 33 0
16 34 0
17 21 0
17 25 0
17 26 0
17 27 0
18 22 0
18 28 0
19 23 0
20 26 0
20 29 0
20 30 0
21 32 0
21 34 0
22 28 0
23 31 0
24 32 0
25 31 0
26 29 0
26 34 0
28 32 0
29 30 0
29 32 0
29 34 0
30 32 0
32 34 0
