GRAPH janos-us-ca 39v 122e 

VERTICES ( index name u v w x x y z):
0 0 0.0 92.63657957244655
1 1 9.026310735548279 32.106096595407756
2 2 1.3827539850201631 46.71417260490894
3 3 15.229498751680417 40.61757719714964
4 4 21.375072018436715 59.2240696753761
5 5 32.07221048588437 23.67379255740301
6 6 50.4129057038602 27.83056215360254
7 7 53.2936431726522 16.42913697545526
8 8 52.23737276742845 41.09263657957246
9 9 57.077011714999045 76.2074425969913
10 10 54.50355290954484 53.44418052256532
11 11 35.01056270405222 55.1464766429137
12 12 67.60130593431917 63.97466349960411
13 13 70.73170731707317 54.75059382422802
14 14 76.97330516612253 65.71654790182107
15 15 62.85769156904166 51.18764845605701
16 16 69.94430574227 40.77593032462391
17 17 79.54676397157671 62.15360253365005
18 18 94.7186479738813 58.70942201108472
19 19 95.06433647013637 77.90973871733968
20 20 80.98713270597273 37.212984956452885
21 21 63.52986364509315 15.874901029295321
22 22 100.0 65.51860649247821
23 23 74.28461686191665 30.997624703087883
24 24 82.23545227578259 0.0
25 25 88.45784520837333 51.58353127474269
26 26 92.12598425196852 56.13618368962787
27 27 83.90628000768197 70.78384798099763
28 28 82.83080468599961 57.8780680918448
29 29 74.13097753024775 52.73159144893113
30 30 78.01037065488764 8.47189231987332
31 31 63.568273478010376 36.777513855898654
32 32 49.81755329364317 95.249406175772
33 33 17.322834645669285 100.0
34 34 1.536393316689067 85.62945368171023
35 35 0.8642212406375814 78.02850356294537
36 36 3.1496062992126 50.43547110055425
37 37 21.279047436143653 30.126682501979413
38 38 11.465335125792201 27.672209026128275

EDGES (from-node to-node length a b):
0 33 0
0 34 0
1 2 0
1 3 0
1 38 0
2 1 0
2 35 0
2 36 0
3 1 0
3 4 0
3 36 0
3 37 0
4 3 0
4 11 0
4 33 0
4 35 0
4 36 0
5 6 0
5 7 0
5 37 0
6 5 0
6 7 0
6 8 0
6 11 0
6 31 0
7 5 0
7 6 0
7 21 0
8 6 0
8 10 0
9 10 0
9 12 0
9 32 0
10 8 0
10 9 0
10 11 0
10 15 0
11 4 0
11 6 0
11 10 0
12 9 0
12 13 0
12 14 0
12 15 0
13 12 0
13 15 0
13 16 0
13 29 0
14 12 0
14 17 0
14 27 0
15 10 0
15 12 0
15 13 0
15 31 0
16 13 0
16 20 0
16 23 0
16 31 0
17 14 0
17 18 0
17 28 0
17 29 0
18 17 0
18 22 0
18 26 0
18 27 0
19 22 0
19 27 0
20 16 0
20 23 0
20 25 0
20 30 0
21 7 0
21 23 0
21 24 0
21 31 0
22 18 0
22 19 0
23 16 0
23 20 0
23 21 0
23 30 0
24 21 0
24 30 0
25 20 0
25 26 0
25 28 0
26 18 0
26 25 0
27 14 0
27 18 0
27 19 0
28 17 0
28 25 0
29 13 0
29 17 0
30 20 0
30 23 0
30 24 0
31 6 0
31 15 0
31 16 0
31 21 0
32 9 0
32 33 0
33 0 0
33 4 0
33 32 0
34 0 0
34 35 0
35 2 0
35 4 0
35 34 0
36 2 0
36 3 0
36 4 0
37 3 0
37 5 0
37 38 0
38 1 0
38 37 0
