GRAPH janos-us 26v 84e 

VERTICES ( index name u v w x x y z):
0 0 0.1557935735150892 100.0
1 1 7.750730282375833 37.49422098936661
2 2 0.0 54.55386037910308
3 3 14.040895813047701 47.434119278779455
4 4 20.272638753651407 69.16319926028663
5 5 31.11976630963971 27.64678687008784
6 6 49.7176241480039 32.50115580212668
7 7 52.63875365141188 19.186315302820148
8 8 51.56767283349561 47.988904299583915
9 9 56.47517039922104 88.99676375404529
10 10 53.86562804284323 62.413314840499304
11 11 34.09931840311586 64.40129449838187
12 12 67.14703018500485 74.711049468331
13 13 70.32132424537488 63.93897364771149
14 14 76.65043816942551 76.74526121128062
15 15 62.33690360272638 59.77808599167822
16 16 69.52288218111 47.6190476190476
17 17 79.2599805258033 72.58437355524735
18 18 94.6445959104187 68.56218215441515
19 19 94.60564751703993 78.27092001849283
20 20 80.7205452775073 43.45815996301432
21 21 63.018500486854926 18.539066111881635
22 22 100.0 76.51410078594543
23 23 73.92405063291139 36.19972260748959
24 24 81.98636806231742 0.0
25 25 88.29600778967867 60.24040684234859

EDGES (from-node to-node length a b):
0 2 0
0 4 0
1 2 0
1 3 0
1 5 0
2 0 0
2 1 0
2 4 0
3 1 0
3 4 0
3 5 0
4 0 0
4 2 0
4 3 0
4 11 0
5 1 0
5 3 0
5 6 0
5 7 0
6 5 0
6 7 0
6 8 0
6 11 0
6 16 0
7 5 0
7 6 0
7 21 0
8 6 0
8 10 0
8 15 0
9 10 0
9 12 0
10 8 0
10 9 0
10 11 0
10 15 0
11 4 0
11 6 0
11 10 0
12 9 0
12 13 0
12 14 0
12 15 0
13 12 0
13 15 0
13 16 0
13 17 0
14 12 0
14 17 0
15 8 0
15 10 0
15 12 0
15 13 0
16 6 0
16 13 0
16 20 0
16 23 0
17 13 0
17 14 0
17 19 0
17 25 0
18 19 0
18 22 0
18 25 0
19 17 0
19 18 0
19 22 0
20 16 0
20 23 0
20 25 0
21 7 0
21 23 0
21 24 0
22 18 0
22 19 0
23 16 0
23 20 0
23 21 0
23 24 0
24 21 0
24 23 0
25 17 0
25 18 0
25 20 0
