GRAPH newyork 16v 49e 

VERTICES ( index name u v w x x y z):
0 0 28.57142857142857 45.73378839590443
1 1 7.042253521126761 23.378839590443686
2 2 6.237424547283702 78.66894197952219
3 3 22.937625754527165 77.3037542662116
4 4 50.30181086519114 27.64505119453925
5 5 0.0 47.781569965870304
6 6 41.649899396378274 56.996587030716725
7 7 13.279678068410464 65.52901023890784
8 8 60.160965794768615 73.20819112627987
9 9 59.154929577464785 100.0
10 10 28.57142857142857 98.12286689419795
11 11 36.61971830985916 0.0
12 12 89.53722334004024 13.139931740614335
13 13 100.0 73.89078498293516
14 14 79.47686116700201 47.610921501706486
15 15 74.04426559356136 80.71672354948805

EDGES (from-node to-node length a b):
0 1 0
0 4 0
0 5 0
0 6 0
0 7 0
0 11 0
0 12 0
0 14 0
1 4 0
1 5 0
1 11 0
1 12 0
1 14 0
2 3 0
2 5 0
2 6 0
2 7 0
2 10 0
3 6 0
3 7 0
3 8 0
3 9 0
3 10 0
4 11 0
4 12 0
4 14 0
5 6 0
5 7 0
6 7 0
6 8 0
6 9 0
6 11 0
6 12 0
6 13 0
6 14 0
8 9 0
8 10 0
8 13 0
8 14 0
8 15 0
9 10 0
9 13 0
9 14 0
11 12 0
11 14 0
12 13 0
12 14 0
13 14 0
13 15 0
