GRAPH nobel-us 14v 21e 

VERTICES ( index name u v w x x y z):
0 0 0.3552769070010486 43.624161073825505
1 1 10.783699059561123 16.61073825503357
2 2 35.69487983281087 59.00447427293065
3 3 94.50365726227797 50.72706935123045
4 4 79.43573667711597 22.31543624161073
5 5 71.26436781609196 59.340044742729326
6 6 81.10762800417972 71.0850111856823
7 7 53.96029258098223 61.6331096196868
8 8 100.0 60.17897091722596
9 9 96.00835945663533 71.64429530201342
10 10 89.15360501567399 60.45861297539149
11 11 56.48902821316615 0.0
12 12 22.340647857889234 61.18568232662194
13 13 0.0 100.0

EDGES (from-node to-node length a b):
0 1 0
0 12 0
0 13 0
1 11 0
1 13 0
2 7 0
2 11 0
2 12 0
3 8 0
3 9 0
3 11 0
4 10 0
4 11 0
5 7 0
5 10 0
5 13 0
6 8 0
6 9 0
6 12 0
8 10 0
9 10 0
