GRAPH nobel-eu 28v 41e 

VERTICES ( index name u v w x x y z):
0 0 36.05005072708827 66.57559198542808
1 1 100.0 0.0
2 2 27.798444369293208 16.575591985428055
3 3 89.2796753466351 31.3752276867031
4 4 65.47176192086573 67.07650273224046
5 5 19.614474129184988 31.557377049180324
6 6 35.00169090294217 58.78870673952643
7 7 85.12005410889415 44.216757741347905
8 8 62.461954683801146 81.19307832422585
9 9 0.0 71.17486338797815
10 10 49.13763949949273 56.876138433515486
11 11 6.729793709841056 81.64845173041894
12 12 54.61616503212715 71.72131147540983
13 13 20.561379776800813 62.47723132969034
14 14 35.98241460940142 35.74681238615665
15 15 9.232330064254313 12.158469945355199
16 16 51.606357795062564 35.06375227686704
17 17 59.113966858302334 47.76867030965392
18 18 56.137977680081164 100.0
19 19 28.2380791342577 49.77231329690346
20 20 68.98884004058166 56.73952641165756
21 21 62.36050050727088 17.987249544626607
22 22 81.77206628339533 98.40619307832422
23 23 45.99256002705445 49.043715846994544
24 24 75.61717957389246 47.99635701275045
25 25 90.42948934731146 66.30236794171222
26 26 73.45282380791343 35.97449908925318
27 27 48.9347311464322 43.89799635701275

EDGES (from-node to-node length a b):
0 6 0
0 11 0
0 12 0
0 13 0
1 3 0
1 21 0
2 14 0
2 15 0
3 7 0
3 26 0
4 8 0
4 12 0
4 17 0
4 20 0
4 25 0
5 15 0
5 19 0
6 10 0
6 19 0
7 20 0
7 25 0
8 18 0
9 11 0
9 13 0
10 12 0
10 17 0
10 23 0
13 19 0
14 19 0
16 17 0
16 21 0
16 27 0
17 24 0
18 22 0
19 23 0
20 24 0
21 26 0
22 25 0
27 14 0
23 27 0
24 26 0
