GRAPH nobel-germany 17v 26e 

VERTICES ( index name u v w x x y z):
0 0 45.07462686567165 77.79816513761467
1 1 28.059701492537307 36.51376146788993
2 2 49.25373134328358 99.08256880733937
3 3 6.41791044776119 100.0
4 4 30.14925373134329 90.45871559633022
5 5 100.0 80.18348623853215
6 6 71.19402985074628 0.0
7 7 47.91044776119403 4.58715596330275
8 8 64.17910447761194 23.853211009174377
9 9 34.92537313432834 10.642201834862348
10 10 24.328358208955223 15.77981651376145
11 11 25.52238805970149 24.587155963302802
12 12 3.2835820895522354 60.366972477064174
13 13 10.447761194029853 61.65137614678895
14 14 0.0 56.330275229357774
15 15 3.4328358208955154 50.825688073394524
16 16 83.58208955223881 58.53211009174317

EDGES (from-node to-node length a b):
5 2 0
5 0 0
5 16 0
4 2 0
4 0 0
4 3 0
13 12 0
13 0 0
13 15 0
13 3 0
14 12 0
14 15 0
1 0 0
1 15 0
1 16 0
1 11 0
1 8 0
2 0 0
0 16 0
10 11 0
10 9 0
16 8 0
6 8 0
6 7 0
8 9 0
9 7 0
