GRAPH norway 27v 51e 

VERTICES ( index name u v w x x y z):
0 0 2.321981424148607 76.86567164179104
1 1 0.0 53.58208955223881
2 2 2.631578947368421 25.37313432835821
3 3 16.718266253869967 6.7164179104477615
4 4 48.297213622291025 0.0
5 5 78.48297213622291 0.5970149253731344
6 6 94.89164086687306 13.73134328358209
7 7 100.0 38.2089552238806
8 8 98.60681114551083 55.82089552238806
9 9 95.5108359133127 79.1044776119403
10 10 85.91331269349845 90.74626865671642
11 11 87.61609907120743 63.28358208955224
12 12 81.26934984520123 42.53731343283582
13 13 66.56346749226006 17.01492537313433
14 14 75.54179566563467 69.40298507462687
15 15 68.88544891640866 63.43283582089553
16 16 69.04024767801857 32.08955223880597
17 17 38.23529411764706 20.44776119402985
18 18 26.625386996904027 41.940298507462686
19 19 16.253869969040245 60.74626865671642
20 20 13.777089783281735 91.7910447761194
21 21 33.28173374613003 98.35820895522389
22 22 47.368421052631575 100.0
23 23 58.51393188854489 83.13432835820895
24 24 62.07430340557275 99.70149253731343
25 25 73.9938080495356 96.86567164179104
26 26 39.93808049535604 74.92537313432835

EDGES (from-node to-node length a b):
0 1 0
1 2 0
2 3 0
3 4 0
4 5 0
5 6 0
6 7 0
7 8 0
8 9 0
8 11 0
9 11 0
10 11 0
9 10 0
10 25 0
24 25 0
22 24 0
23 24 0
22 23 0
21 23 0
22 26 0
21 22 0
20 21 0
0 20 0
19 20 0
0 19 0
19 21 0
1 19 0
19 26 0
21 26 0
18 19 0
18 26 0
3 18 0
17 18 0
15 18 0
18 23 0
15 23 0
15 25 0
14 15 0
10 14 0
12 14 0
15 16 0
15 17 0
16 17 0
4 17 0
13 16 0
4 13 0
5 13 0
6 13 0
12 16 0
11 12 0
23 26 0
