GRAPH pdh 11v 34e 

VERTICES ( index name u v w x x y z):
0 0 52.90611028315946 100.0
1 1 28.91207153502236 37.832699619771866
2 2 26.3785394932936 17.680608365018987
3 3 39.34426229508196 7.414448669201525
4 4 72.57824143070046 0.0
5 5 68.25633383010434 22.62357414448676
6 6 100.0 80.60836501901136
7 7 85.69299552906111 59.50570342205322
8 8 44.26229508196721 78.89733840304172
9 9 0.0 58.17490494296577
10 10 1.4903129657228098 47.33840304182509

EDGES (from-node to-node length a b):
0 8 0
0 9 0
9 10 0
9 1 0
9 2 0
9 6 0
9 7 0
10 1 0
10 2 0
10 6 0
10 7 0
1 2 0
0 6 0
1 3 0
1 4 0
1 5 0
1 7 0
2 3 0
2 4 0
2 5 0
3 4 0
3 5 0
4 5 0
0 7 0
4 6 0
4 7 0
5 7 0
6 7 0
8 9 0
8 10 0
8 1 0
8 5 0
8 6 0
8 7 0
