GRAPH pioro40 40v 89e 

VERTICES ( index name u v w x x y z):
0 0 17.272727272727273 83.89121338912135
1 1 38.03030303030303 48.32635983263599
2 2 78.03030303030303 13.807531380753138
3 3 15.303030303030301 59.41422594142259
4 4 36.06060606060606 68.20083682008368
5 5 10.454545454545453 10.460251046025103
6 6 30.454545454545457 4.184100418410042
7 7 72.72727272727273 69.4560669456067
8 8 84.84848484848484 54.18410041841004
9 9 45.3030303030303 0.0
10 10 24.6969696969697 64.43514644351464
11 11 73.63636363636363 80.5439330543933
12 12 22.272727272727273 79.70711297071131
13 13 8.333333333333332 65.06276150627615
14 14 83.48484848484848 69.4560669456067
15 15 91.21212121212122 83.89121338912135
16 16 1.0606060606060608 84.30962343096235
17 17 71.51515151515152 31.589958158995817
18 18 100.0 36.19246861924686
19 19 31.212121212121215 92.88702928870293
20 20 56.81818181818182 86.19246861924687
21 21 65.0 16.317991631799163
22 22 55.6060606060606 4.811715481171548
23 23 76.96969696969697 2.301255230125523
24 24 28.484848484848484 35.35564853556485
25 25 87.12121212121212 16.736401673640167
26 26 79.84848484848484 37.238493723849366
27 27 98.03030303030303 93.30543933054393
28 28 16.363636363636363 70.0836820083682
29 29 36.666666666666664 26.359832635983267
30 30 81.36363636363636 47.28033472803347
31 31 43.63636363636363 71.1297071129707
32 32 64.24242424242425 67.15481171548117
33 33 42.42424242424242 97.28033472803347
34 34 56.81818181818182 57.11297071129707
35 35 46.96969696969697 38.07531380753138
36 36 0.0 41.42259414225941
37 37 32.87878787878788 73.64016736401673
38 38 56.666666666666664 100.0
39 39 61.06060606060606 34.30962343096235

EDGES (from-node to-node length a b):
0 12 0
0 13 0
0 16 0
0 19 0
0 28 0
1 3 0
1 4 0
1 31 0
1 39 0
2 17 0
2 21 0
2 23 0
2 25 0
3 5 0
3 10 0
3 13 0
3 36 0
4 31 0
4 33 0
4 37 0
5 10 0
5 13 0
5 29 0
5 36 0
6 9 0
6 24 0
6 29 0
6 35 0
7 8 0
7 14 0
7 15 0
7 32 0
8 14 0
8 15 0
8 18 0
8 32 0
9 22 0
9 29 0
9 35 0
9 39 0
10 12 0
10 19 0
11 14 0
11 15 0
11 32 0
11 38 0
12 19 0
12 28 0
13 28 0
13 36 0
14 15 0
15 27 0
16 19 0
16 28 0
16 36 0
17 21 0
17 23 0
17 25 0
18 25 0
18 26 0
18 27 0
18 30 0
20 27 0
20 33 0
20 34 0
20 38 0
21 22 0
21 23 0
22 23 0
22 39 0
23 25 0
24 31 0
24 35 0
24 36 0
24 37 0
25 26 0
26 30 0
26 34 0
26 39 0
27 38 0
28 37 0
29 35 0
29 38 0
30 34 0
30 35 0
31 33 0
32 34 0
33 37 0
33 38 0
