GRAPH polska 12v 18e 

VERTICES ( index name u v w x x y z):
0 0 47.67441860465117 100.0
1 1 39.53488372093021 73.8095238095238
2 2 18.604651162790713 100.0
3 3 50.0 7.14285714285707
4 4 61.627906976744185 0.0
5 5 100.0 73.8095238095238
6 6 56.97674418604649 40.47619047619052
7 7 26.74418604651163 57.142857142857075
8 8 86.04651162790694 0.0
9 9 0.0 80.95238095238086
10 10 75.5813953488372 52.380952380952415
11 11 27.906976744186025 26.190476190476208

EDGES (from-node to-node length a b):
0 10 0
0 2 0
1 2 0
1 7 0
1 10 0
2 9 0
3 4 0
3 6 0
3 11 0
4 8 0
4 10 0
5 8 0
5 10 0
6 10 0
6 11 0
7 9 0
7 11 0
0 5 0
