GRAPH sun 27v 102e 

VERTICES ( index name u v w x x y z):
0 0 3.41726618705036 80.72916666666666
1 1 0.0 58.333333333333336
2 2 2.697841726618705 40.625
3 3 10.79136690647482 22.22222222222222
4 4 23.381294964028775 8.680555555555555
5 5 35.07194244604317 2.256944444444444
6 6 50.17985611510791 0.6944444444444444
7 7 59.53237410071942 0.0
8 8 67.98561151079137 2.083333333333333
9 9 82.55395683453237 4.513888888888888
10 10 100.0 30.555555555555557
11 11 69.7841726618705 23.09027777777778
12 12 65.10791366906474 35.59027777777778
13 13 47.122302158273385 29.51388888888889
14 14 82.91366906474819 48.4375
15 15 57.73381294964028 68.57638888888889
16 16 63.12949640287769 49.30555555555556
17 17 37.94964028776979 44.79166666666667
18 18 20.503597122302157 49.65277777777778
19 19 13.848920863309353 72.22222222222221
20 20 12.949640287769784 90.10416666666666
21 21 29.856115107913666 96.875
22 22 53.597122302158276 100.0
23 23 51.798561151079134 82.46527777777779
24 24 83.99280575539568 86.28472222222221
25 25 95.32374100719424 66.14583333333334
26 26 32.194244604316545 75.86805555555556

EDGES (from-node to-node length a b):
0 1 0
5 4 0
12 11 0
23 26 0
26 23 0
5 6 0
6 5 0
6 7 0
7 6 0
7 8 0
8 7 0
8 9 0
9 8 0
8 11 0
1 0 0
11 8 0
9 11 0
11 9 0
10 11 0
11 10 0
9 10 0
10 9 0
10 25 0
25 10 0
24 25 0
1 2 0
25 24 0
22 24 0
24 22 0
23 24 0
24 23 0
22 23 0
23 22 0
21 23 0
23 21 0
22 26 0
2 1 0
26 22 0
21 22 0
22 21 0
20 21 0
21 20 0
0 20 0
20 0 0
19 20 0
20 19 0
0 19 0
2 3 0
19 0 0
19 21 0
21 19 0
1 19 0
19 1 0
19 26 0
26 19 0
21 26 0
26 21 0
18 19 0
3 2 0
19 18 0
18 26 0
26 18 0
3 18 0
18 3 0
17 18 0
18 17 0
15 18 0
18 15 0
18 23 0
3 4 0
23 18 0
15 23 0
23 15 0
15 25 0
25 15 0
14 15 0
15 14 0
10 14 0
14 10 0
12 14 0
4 3 0
14 12 0
15 16 0
16 15 0
15 17 0
17 15 0
16 17 0
17 16 0
4 17 0
17 4 0
13 16 0
4 5 0
16 13 0
4 13 0
13 4 0
5 13 0
13 5 0
6 13 0
13 6 0
12 16 0
16 12 0
11 12 0
