GRAPH ta1 24v 55e 

VERTICES ( index name u v w x x y z):
0 0 0.0 34.355828220858896
1 1 65.95289079229121 100.0
2 2 33.61884368308351 63.190184049079754
3 3 4.068522483940043 57.97546012269939
4 4 45.182012847965744 64.41717791411043
5 5 52.24839400428265 59.8159509202454
6 6 100.0 61.34969325153374
7 7 13.276231263383298 59.8159509202454
8 8 10.278372591006423 28.22085889570552
9 9 80.72805139186295 0.0
10 10 67.45182012847965 38.65030674846626
11 11 33.83297644539615 96.31901840490798
12 12 49.892933618843685 90.1840490797546
13 13 32.11991434689507 34.355828220858896
14 14 55.24625267665952 34.04907975460122
15 15 78.15845824411134 53.68098159509203
16 16 15.631691648822269 6.441717791411043
17 17 69.16488222698072 28.52760736196319
18 18 76.65952890792292 92.33128834355828
19 19 20.556745182012847 40.49079754601227
20 20 73.66167023554604 19.631901840490798
21 21 18.629550321199144 77.60736196319019
22 22 32.54817987152035 9.509202453987731
23 23 40.04282655246253 27.914110429447852

EDGES (from-node to-node length a b):
19 2 0
19 3 0
19 11 0
19 14 0
16 19 0
19 21 0
19 22 0
20 9 0
22 8 0
22 13 0
22 23 0
23 13 0
1 11 0
1 14 0
2 13 0
2 14 0
3 7 0
2 4 0
4 5 0
4 14 0
5 14 0
7 21 0
9 14 0
10 14 0
14 15 0
16 0 0
17 10 0
17 20 0
1 18 0
14 18 0
14 17 0
0 8 0
0 19 0
11 21 0
7 19 0
1 4 0
4 11 0
10 15 0
17 15 0
15 9 0
15 18 0
8 19 0
14 22 0
6 18 0
3 11 0
11 12 0
4 12 0
1 12 0
6 15 0
16 22 0
2 4 0
9 6 0
10 15 0
16 19 0
17 15 0
