GRAPH ta2 65v 108e 

VERTICES ( index name u v w x x y z):
0 0 81.13879003558719 77.91601866251943
1 1 88.61209964412812 45.10108864696734
2 2 32.38434163701068 60.9642301710731
3 3 21.70818505338078 20.06220839813375
4 4 22.419928825622776 43.54587869362364
5 5 68.68327402135232 20.839813374805598
6 6 22.064056939501782 82.27060653188181
7 7 73.30960854092527 0.0
8 8 44.128113879003564 42.92379471228615
9 9 81.85053380782918 36.54743390357698
10 10 45.195729537366546 7.4650077760497675
11 11 18.505338078291814 2.177293934681182
12 12 71.88612099644128 100.0
13 13 73.66548042704626 82.89269051321928
14 14 2.135231316725979 21.928460342146188
15 15 34.519572953736656 87.86936236391914
16 16 62.27758007117438 15.396578538102643
17 17 2.135231316725979 93.31259720062208
18 18 79.35943060498221 12.752721617418352
19 19 16.370106761565836 48.83359253499223
20 20 28.825622775800714 48.98911353032659
21 21 53.02491103202846 78.69362363919129
22 22 70.46263345195729 89.89113530326594
23 23 0.0 36.70295489891136
24 24 33.096085409252666 37.947122861586315
25 25 12.455516014234876 30.48211508553655
26 26 38.79003558718861 23.48367029548989
27 27 67.25978647686833 57.23172628304821
28 28 68.32740213523132 45.878693623639194
29 29 61.56583629893239 42.76827371695179
30 30 74.73309608540926 71.22861586314151
31 31 77.93594306049823 63.29704510108864
32 32 51.60142348754449 32.50388802488336
33 33 16.014234875444842 74.18351477449455
34 34 40.569395017793596 1.8662519440124419
35 35 51.95729537366548 70.76205287713842
36 36 100.0 55.05443234836703
37 37 32.028469750889684 43.856920684292376
38 38 90.0355871886121 64.0746500777605
39 39 32.74021352313167 71.53965785381027
40 40 59.7864768683274 85.06998444790047
41 41 96.44128113879003 34.52566096423017
42 42 85.76512455516014 83.8258164852255
43 43 2.8469750889679712 83.04821150855366
44 44 96.79715302491103 9.020217729393467
45 45 98.93238434163702 58.63141524105754
46 46 80.42704626334519 25.660964230171075
47 47 13.523131672597867 34.68118195956454
48 48 23.843416370106763 25.660964230171075
49 49 50.177935943060504 65.16329704510109
50 50 7.473309608540925 45.41213063763608
51 51 17.08185053380783 60.031104199066874
52 52 62.27758007117438 74.96111975116641
53 53 98.93238434163702 50.38880248833593
54 54 6.761565836298933 69.20684292379471
55 55 2.135231316725979 73.25038880248833
56 56 1.0676156583629894 13.996889580093313
57 57 17.437722419928825 54.74339035769829
58 58 25.97864768683274 12.752721617418352
59 59 3.202846975088968 3.7325038880248838
60 60 24.91103202846975 34.3701399688958
61 61 40.92526690391459 98.13374805598755
62 62 56.93950177935944 24.72783825816485
63 63 13.523131672597867 89.5800933125972
64 64 99.644128113879 82.11508553654744

EDGES (from-node to-node length a b):
0 30 0
2 29 0
4 50 0
4 24 0
7 34 0
7 44 0
8 29 0
9 29 0
9 41 0
9 1 0
12 22 0
12 61 0
13 21 0
13 0 0
14 58 0
15 6 0
16 18 0
16 5 0
17 63 0
17 43 0
18 44 0
20 57 0
20 8 0
21 40 0
23 50 0
23 47 0
23 25 0
24 60 0
25 14 0
26 48 0
26 16 0
27 31 0
27 29 0
27 28 0
27 30 0
28 29 0
30 31 0
32 8 0
32 9 0
32 37 0
32 29 0
33 54 0
33 63 0
34 11 0
34 10 0
35 49 0
36 53 0
36 45 0
37 24 0
37 19 0
38 30 0
38 1 0
39 6 0
39 49 0
40 22 0
41 44 0
42 0 0
42 12 0
43 55 0
44 34 0
46 41 0
46 44 0
47 60 0
48 3 0
48 25 0
51 2 0
51 29 0
52 27 0
52 21 0
52 35 0
53 1 0
54 51 0
54 55 0
54 50 0
57 29 0
57 19 0
58 44 0
58 3 0
58 56 0
59 56 0
59 11 0
61 15 0
62 24 0
62 26 0
62 32 0
62 5 0
64 45 0
64 42 0
2 27 0
9 27 0
9 46 0
30 13 0
13 40 0
15 12 0
23 14 0
38 27 0
38 45 0
39 12 0
39 15 0
39 29 0
45 27 0
54 23 0
54 27 0
58 34 0
58 59 0
62 29 0
62 58 0
64 12 0
