GRAPH zib54 54v 81e 

VERTICES ( index name u v w x x y z):
0 0 30.097087378640776 24.539877300613497
1 1 40.97087378640777 94.27402862985686
2 2 84.66019417475728 63.80368098159509
3 3 34.95145631067961 76.48261758691206
4 4 48.349514563106794 69.32515337423312
5 5 8.932038834951456 93.4560327198364
6 6 65.63106796116504 45.603271983640084
7 7 0.0 47.648261758691206
8 8 21.74757281553398 90.38854805725971
9 9 35.92233009708738 61.145194274028626
10 10 24.271844660194176 43.967280163599185
11 11 66.99029126213593 100.0
12 12 41.16504854368932 69.93865030674846
13 13 21.941747572815533 80.57259713701431
14 14 65.0485436893204 19.836400817995912
15 15 12.427184466019417 81.39059304703477
16 16 68.15533980582525 66.87116564417178
17 17 68.73786407766991 52.760736196319016
18 18 32.23300970873787 54.805725971370144
19 19 100.0 74.64212678936605
20 20 73.98058252427184 80.3680981595092
21 21 30.87378640776699 83.23108384458078
22 22 15.145631067961165 3.885480572597137
23 23 48.932038834951456 9.406952965235174
24 24 54.757281553398066 21.676891615541923
25 25 55.14563106796116 38.85480572597137
26 26 19.80582524271845 39.059304703476485
27 27 21.35922330097087 23.721881390593047
28 28 67.96116504854369 38.65030674846626
29 29 53.980582524271846 74.02862985685071
30 30 71.26213592233009 8.793456032719837
31 31 25.8252427184466 98.15950920245399
32 32 7.766990291262135 51.124744376278116
33 33 70.87378640776699 73.21063394683026
34 34 8.737864077669903 37.01431492842536
35 35 46.40776699029126 62.16768916155419
36 36 27.96116504854369 49.693251533742334
37 37 10.485436893203884 65.23517382413088
38 38 60.77669902912621 13.496932515337424
39 39 2.3300970873786406 82.20858895705521
40 40 14.36893203883495 55.010224948875255
41 41 1.1650485436893203 67.07566462167689
42 42 90.67961165048544 76.07361963190185
43 43 35.728155339805824 88.75255623721881
44 44 82.52427184466019 42.12678936605317
45 45 40.19417475728155 32.31083844580777
46 46 73.98058252427184 0.0
47 47 59.02912621359223 6.5439672801636
48 48 65.63106796116504 60.53169734151329
49 49 44.85436893203884 99.59100204498978
50 50 82.71844660194175 77.91411042944786
51 51 63.689320388349515 91.20654396728017
52 52 69.32038834951456 15.541922290388548
53 53 21.941747572815533 56.646216768916155

EDGES (from-node to-node length a b):
0 22 0
2 20 0
2 44 0
5 31 0
5 39 0
6 25 0
7 22 0
7 37 0
7 41 0
9 18 0
10 26 0
10 36 0
11 49 0
12 4 0
12 9 0
13 3 0
13 15 0
14 38 0
14 52 0
15 39 0
17 6 0
17 48 0
19 11 0
19 42 0
20 50 0
21 43 0
22 24 0
22 25 0
22 26 0
22 27 0
23 22 0
23 24 0
24 25 0
26 25 0
26 27 0
28 24 0
28 25 0
29 25 0
30 46 0
30 52 0
31 8 0
32 40 0
33 16 0
34 22 0
34 40 0
35 4 0
35 9 0
35 12 0
35 25 0
36 18 0
38 47 0
40 22 0
41 37 0
41 39 0
42 50 0
43 1 0
45 0 0
45 25 0
46 19 0
46 22 0
46 44 0
46 47 0
48 16 0
48 25 0
49 1 0
49 31 0
51 3 0
51 20 0
51 20 0
51 21 0
51 25 0
51 29 0
51 49 0
53 9 0
53 40 0
26 53 0
32 7 0
37 39 0
39 31 0
21 13 0
33 20 0
